1.0 0.0 0.0 0.0 0.0 1.0 0.0 0.0 0.0 0.0 1.0 0.0
0.9999923152473634 -0.002419006709454317 -0.0030851017419563755 0.0011894100595044588 0.002415834829737982 0.9999965499302725 -0.0010314405597450487 -0.01603274447935496 0.003087586159774674 0.0010239795371379838 0.9999947091248105 0.9608760634241316
0.9999739090897594 -0.0006712956498657915 -0.007192391945431934 -0.008631010099363444 0.0006568124676769193 0.9999977524629986 -0.002015853748266318 -0.03113768498163491 0.007193729014116882 0.0020110771001049343 0.9999721025267503 1.8853743815024742
0.9999504735362897 0.000184033968143593 -0.009950708821407566 -0.020382195546469042 -0.00021597797223554707 0.9999948270376312 -0.0032092446920805877 -0.048330671567861305 0.009950066736729862 0.0032112348834533616 0.9999453405774027 2.8900761224194937
0.9999278921554196 0.0009880415280369428 -0.011968051786252546 -0.03447133851206883 -0.001039243081391302 0.9999903318599094 -0.004272722846872412 -0.06885382907007216 0.011963714449840762 0.00428485246505403 0.9999192515277997 3.970069879539201
0.9999038099655734 0.001153156507314991 -0.013821759887960817 -0.04916555742695732 -0.0012140884052111753 0.9999895793148407 -0.00440082390843551 -0.09021156051056008 0.013816541017025112 0.004417181431451837 0.9998947903167247 5.036482086579392
0.9998795317708868 0.0022519710879269515 -0.015357427253674373 -0.0664529089907715 -0.002336598178010067 0.9999821736688884 -0.005494784199647722 -0.11013888427543173 0.015344779391939112 0.005530006389265687 0.9998669695388223 6.0643374623565265
0.9998590808404862 0.004381893479319252 -0.016205476554381995 -0.08592745066632594 -0.004491974090052188 0.9999670438029372 -0.006762653088099886 -0.12978197236750189 0.01617530925803352 0.006834494681509857 0.999845812639557 7.070531189414807
0.9998538158562373 0.004246906897326625 -0.016562327720672898 -0.10280710999281172 -0.004356892313926561 0.9999686603603906 -0.006610278845196575 -0.15056689191316353 0.016533735424470116 0.006681472805590489 0.9998409841140051 8.111020769399587
0.9998502804910432 0.0037776228476169697 -0.01688627157202007 -0.11937659175892396 -0.003859610039657859 0.9999809097278303 -0.004825307269386601 -0.1717892019748961 0.01686772101751221 0.004889759250043419 0.999845773228128 9.142722885912415
0.9998473632461964 0.0021925039947153432 -0.017333295585729443 -0.13546575259217275 -0.0022362043566377604 0.9999943691755613 -0.0025022004810997065 -0.19303242822824995 0.017327711900434653 0.0025405793444446038 0.9998466361682129 10.194291113518883
0.9998327163903806 0.0038536045584899718 -0.017879848079333554 -0.15820834275730722 -0.003892728799841918 0.999990103665764 -0.002153887886233145 -0.21552866614760222 0.017871370902203993 0.0022231289756480407 0.9998378227490867 11.297708775799997
0.9998282538749376 0.0042419989159217224 -0.018040737196452723 -0.18003784371367615 -0.004296887785559944 0.9999862538050533 -0.0030048221735609047 -0.23957890117989078 0.01802774275255944 0.0030818251302980274 0.9998327374341743 12.455240859643254
0.9998232620004858 0.0020307154475225045 -0.018690129948175673 -0.19632058351409296 -0.0021003584608995465 0.9999909221066215 -0.003707316911912601 -0.26154764711071865 0.01868243177544688 0.003745917660709986 0.9998184509418876 13.521719189375279
0.999797881251226 0.0024588236091836963 -0.019953717248146357 -0.21638908272508892 -0.0025194696683658313 0.9999922816969633 -0.003014766838820986 -0.2802556092572339 0.019946150459430434 0.0030644302832975303 0.9997963594397058 14.460409749135074
0.9997629904447705 0.0009596112448563613 -0.02174953064296668 -0.23468077339587226 -0.00101469085165006 0.9999963060720144 -0.0025215560280986114 -0.2982484222045509 0.021747030588247646 0.002543027444997006 0.9997602711010319 15.377710182418639
0.9997253985973578 0.002563417962922467 -0.023292837691076096 -0.2582290131991472 -0.0026822855677802308 0.9999835329789246 -0.005073373150299346 -0.3154716181700157 0.023279448951560824 0.005134458037287564 0.999715811917155 16.2586849864581
0.9997086689822996 0.002536384810280333 -0.02400299801555392 -0.2788678963671705 -0.0027353185543494817 0.9999621554817227 -0.00825867039874908 -0.3319061312215132 0.023981142467504282 0.008321920237728913 0.9996777733097361 17.11362147549903
0.9996747876807596 0.007141373864068516 -0.02448100599982158 -0.30740685853734523 -0.007380867847375947 0.9999256506765484 -0.009706487979857624 -0.3497849872534102 0.02440986819401679 0.009884022380445508 0.9996531720733625 17.98441380233028
0.999646796388909 0.00785504734085446 -0.02538859390878857 -0.33073585882574097 -0.008103086932014543 0.9999202995951899 -0.009681654798633603 -0.3668508393769986 0.025310520570795365 0.009883961186721912 0.999630774266027 18.847947230815624
0.9996189308327557 0.007042608080701843 -0.026690724834698216 -0.3525479825402899 -0.00726307218077993 0.9999402311009736 -0.008172025956306254 -0.3833255634129063 0.026631577183425 0.008362768510212129 0.9996103356806441 19.691394586786522
0.9995817597341584 0.007139931227332676 -0.02802368621066211 -0.37799489221053467 -0.007327128919281155 0.9999514875540506 -0.0065829871824281 -0.4018355188962573 0.027975324637346515 0.006785567073777889 0.9995855827746438 20.58410869462177
0.9995588482139695 0.006870292244334886 -0.02889477533469369 -0.40667787545121675 -0.007041497655980095 0.9999582275562813 -0.00582755980358415 -0.42260541428028764 0.028853531290395237 0.006028451457957911 0.999565471344972 21.582492426580803
0.9995326100867716 0.006656755159079769 -0.0298370404678438 -0.43612931206409544 -0.006873739385482786 0.9999506296590278 -0.0071756498923142035 -0.44365069245043465 0.029787800858541838 0.007377388106143734 0.9995290196211142 22.579723321086107
0.9995163582118561 0.004853303174970531 -0.03071636559233459 -0.46494345722008446 -0.005105381001832135 0.9999538893349734 -0.008133528673849578 -0.46605518735958434 0.03067547475975337 0.008286413708838267 0.9994950478096988 23.6170455564295
0.999493000417428 0.004998307606739931 -0.03144453907497707 -0.49986826753009195 -0.005212051988075509 0.9999638426825435 -0.00671921436165367 -0.4915931077609604 0.031409817424540236 0.006879698295176947 0.9994829128708139 24.73529529991939
0.9994885111267622 0.006549212517381545 -0.03130213955965601 -0.534073769430941 -0.0066501831817745065 0.9999730116666083 -0.0031226594538396337 -0.5137448443638047 0.03128084380669503 0.0033292272103272666 0.9995050900605387 25.763102483451977
0.9995075856776318 0.007843086103322289 -0.03038210284441794 -0.5673417120442773 -0.007832474122198996 0.999969216057176 0.00046828103108346753 -0.5335858642764861 0.03038484033194839 -0.000230083408489973 0.9995382476622038 26.794810138179322
0.9995281763707112 0.006879947893602279 -0.029934778402769896 -0.6008245543673862 -0.0067894689478048935 0.9999720741905762 0.003123131506291779 -0.555221341325623 0.029955429431881182 -0.002918416690624702 0.9995469749299296 27.956248778107184
0.9995413239137931 0.006392090488849473 -0.029602077086673832 -0.6368710560933682 -0.006255803401158767 0.9999694137782487 0.004694297795617616 -0.5773246548949441 0.029631178047270904 -0.0045069598589570475 0.9995507393826302 29.193453538348358
0.9995440545972379 0.007384257314601955 -0.02927722089316353 -0.6771097267982701 -0.007333541576251744 0.9999714177397911 0.0018392583896655987 -0.5993328695973852 0.02928996564123505 -0.0016237140716012135 0.9995696381270046 30.500601195031383
0.9995358634839472 0.008619824531624147 -0.029219107351961923 -0.7201214804369045 -0.008713153807120382 0.9999573323344068 -0.003068299430062543 -0.6255148260301475 0.02919141243816283 0.003321465896719273 0.9995683214789091 31.892280645289812
0.9995212248422758 0.008358485012921454 -0.029790213461584614 -0.7614463211933895 -0.008551193831700457 0.9999432925514983 -0.006347343170459832 -0.6568946911500008 0.02973546996182668 0.006599046109830005 0.9995360195693757 33.302671512811195
0.9994985271773997 0.0060246781240096735 -0.031086933327550366 -0.7964357199677499 -0.006194082421909389 0.9999664729984352 -0.005355952018255904 -0.6863342776849126 0.03105362318893038 0.0055458211811548475 0.9995023343415801 34.56868004453556
0.9994632886653119 0.004262763259084945 -0.032480201041828714 -0.8287356845290621 -0.004279234043524006 0.9999907482859947 -0.00043760532369757513 -0.7096552063480589 0.03247803513640195 0.0005763608379989269 0.9994722832784633 35.65835289610254
0.9994296429440084 0.0018547153005310003 -0.03371867191879514 -0.8624214015766223 -0.0017420991963983498 0.9999928076209553 0.0033689459406841256 -0.7303988497043811 0.03372467783690861 -0.0033082831673422433 0.9994256857652214 36.7675378152751
0.9993381913907633 -0.006459483235495967 -0.035797406388872625 -0.8871315300917726 0.006562511727266941 0.9999746538779838 0.0027613477576582464 -0.748394143197209 0.035778662183894396 -0.0029944411731718428 0.9993552524775128 37.845569948125096
0.9992247227638832 -0.009289652523903071 -0.038257754422185444 -0.9246857972382605 0.009239088233228537 0.9999561962671136 -0.0014982642047918287 -0.7664370601262709 0.038269996943581346 0.0011436358659484057 0.9992667809103568 38.9521113818256
0.9991340458335682 -0.00818090754990638 -0.040794989985373745 -0.9733080954129903 0.007963861759451575 0.9999532717172294 -0.005480081011053963 -0.7894777927300484 0.04083791574166344 0.005150449851348327 0.999152509632142 40.12709148942565
0.9990578029273094 -0.007149023725228342 -0.042806516674861426 -1.0286497005047577 0.006871750952487787 0.9999544696821954 -0.006620997013206965 -0.8176750395919293 0.042851901345285125 0.006320603007469662 0.999061441818629 41.4082792853758
0.998983399099775 -0.008225384613617388 -0.044322808699579504 -1.086279997938961 0.008033073907428105 0.9999575402876744 -0.0045152348139117175 -0.8501503650423541 0.04435806630883779 0.004154596224066648 0.999007057674548 42.79284933001358
0.9989494147232616 -0.00542243519676535 -0.04550454944940209 -1.149738201984869 0.005342993527884563 0.9999839827821412 -0.0018672437792951187 -0.8795352818926963 0.045513945601509675 0.0016221515672750538 0.9989623863690158 44.12088262898811
0.9989041379937174 -0.005589598843678183 -0.04646804798781529 -1.208456584305881 0.005549547449465386 0.9999841102168062 -0.0009908768905687293 -0.9057027371315773 0.046472848224928975 0.0007319143890390404 0.9989192853675379 45.40837167956603
0.9988738069255853 -0.004757970902575733 -0.04720677441725373 -1.2716713114313623 0.004820266917963543 0.999987655351307 0.0012058904754662296 -0.932851785775044 0.04720045407441356 -0.0014320816629915048 0.9988844108690867 46.73299247585187
0.9988480839314409 -0.004777431684808424 -0.0477460089744575 -1.3364537106534513 0.004999971332446858 0.9999771824574334 0.004542559979936856 -0.9599723178642016 0.047723217757886946 -0.004776056008214597 0.9988491796942333 48.10630830351852
0.998841113292826 0.001074501746719037 -0.04811731332844027 -1.4105200236729636 -0.0007573559267982027 0.9999778745629436 0.006608842302678499 -0.9843490243228702 0.04812334992445082 -0.006564741470753197 0.9988198272769089 49.45739601358921
0.9988339281917804 0.0004141655317612638 -0.048276416187328794 -1.4726333686780566 -0.00010929932362072898 0.9999800385380121 0.006317482028232939 -1.0056306097489363 0.04827806900278568 -0.0063048388109047575 0.9988140352743015 50.76507684802607
0.9988117779555349 0.00014826022486469497 -0.04873407674524571 -1.53459245225498 8.336563811269693e-05 0.9999887114811767 0.004750785239256204 -1.026317277475926 0.048734230962190796 -0.004749202998912087 0.9988004904901688 52.044566774160955
0.9988054839396594 0.0026846220865170472 -0.04878932317954266 -1.600086895773446 -0.0025919941382189005 0.9999947166386957 0.0019616985204713123 -1.0479470646326283 0.04879433182709557 -0.0018328936003940105 0.9988071654141252 53.30064873021762
0.9988138674353916 0.002445276075372056 -0.04863001998430548 -1.6610726658267736 -0.002341496521312097 0.9999948586265169 0.0021909163782086473 -1.0707879977084223 0.048635127354612936 -0.0020744506383215205 0.9988144577656816 54.55870894707299
0.9988025153954492 0.0004648953775744084 -0.04892156080925338 -1.7190768150984135 -0.00029166336639850285 0.9999936629583888 0.003548094636275199 -1.093843152171918 0.04892290028408236 -0.0035295772204576624 0.9987963215352973 55.808438519459955
0.998808077845376 0.0011147447462894382 -0.04879734598293788 -1.7810397422428241 -0.0008883367380592264 0.9999887419635132 0.004661201998804812 -1.1163110512689214 0.0488019926710758 -0.004612297733718814 0.9987978234963024 57.05728515855748
0.9988261682314187 0.002450696782553457 -0.04837643787448423 -1.8449435802534113 -0.00232652396813995 0.9999938537059623 0.0026229442478561357 -1.137734222516751 0.048382568579701496 -0.002507316410362554 0.9988257307568981 58.330347042161854
0.998820165089502 0.004402575151232158 -0.04836212508378681 -1.9088470360183982 -0.004538491158195176 0.9999860534390385 -0.0027009304742095057 -1.1596849191865102 0.04834955954907005 0.0029172348992295037 0.9988262160315758 59.583186953102214
0.9988187021944795 0.0041805948735446135 -0.04841201062795214 -1.966880672858344 -0.004361895264984387 0.999983862347458 -0.0036399058175263324 -1.1843950673392971 0.04839601240014474 0.0038467741246982273 0.9988208189222936 60.790594729678446
0.9988279598228929 0.0036166647956321707 -0.0482662036190504 -2.0265172950767134 -0.0036399520436758734 0.9999932975018138 -0.0003945891175806382 -1.2110157802391648 0.048264453018337795 0.0005698133097850282 0.9988344296667168 62.04756591312243
0.9988333880786908 0.0006415622399945182 -0.048285103884506686 -2.08265283164906 -0.0004882484602966916 0.9999948026112959 0.0031869050565137467 -1.236112835698194 0.04828689752599979 -0.0031596120474558513 0.9988285099950972 63.31890368242512
0.9988174133485794 -0.0009677127770002456 -0.048609035411501626 -2.140230983385299 0.0011460565706589308 0.9999927140584303 0.0036412064476662315 -1.257462866445292 0.04860515760690665 -0.0036926091099528874 0.9988112450768523 64.56145430192058
0.99878389854246 -0.0041290054546698355 -0.04912916981064058 -2.1958191272349135 0.004279328953786136 0.9999864776558639 0.00295497024131595 -1.2787945736753115 0.04911630438085439 -0.0031616165765446375 0.9987880620154573 65.80488935793146
0.9987108705619266 -0.007235732693346671 -0.05024182713468284 -2.251189941304054 0.007339087284690038 0.9999713144909715 0.0018729637021226546 -1.2996081934366663 0.05022683365760395 -0.002239278364161541 0.9987353257060361 67.02092980357216
0.998622054791866 -0.007981438058128794 -0.05186798945205116 -2.3107313245519467 0.008148537669686552 0.9999622670094522 0.0030109618340554553 -1.3207842917594956 0.05184200051232141 -0.0034294611595252758 0.9986494108439852 68.20891331004161
0.9985130838090629 -0.009710813037772579 -0.0536406708782031 -2.3704352264105815 0.010141304761711848 0.9999184717089321 0.007759115478416293 -1.3413290203922725 0.05356095032622515 -0.008291564714982604 0.9985301570582295 69.39590546195836
0.998368000516593 -0.012154377113749492 -0.05579970126694087 -2.4297437184625434 0.012873039038459159 0.9998385288861684 0.012537983117734002 -1.3579277021035676 0.05563829985196694 -0.013235832868506554 0.9983632566946077 70.54573599339697
0.9982435042990259 -0.010486663211751764 -0.05830897031749878 -2.497929763158291 0.01136576652192717 0.9998263848798509 0.014765481687411187 -1.3721487045045049 0.05814400636499603 -0.015402272325067079 0.998189383098746 71.67410106963281
0.9980818500002976 -0.009580034811685083 -0.06116243645403305 -2.5710010021112093 0.010336313844317196 0.9998738422596762 0.012060687417728394 -1.3863095639595613 0.061039178533942466 -0.01266974734883363 0.9980549564958945 72.84152920339645
0.9979262052079828 -0.007906068099537774 -0.06388100693009736 -2.6539076223821922 0.008237539718134302 0.9999539318842153 0.004927174514250396 -1.4028444304182328 0.06383910947522556 -0.0054431788972244596 0.9979453591779993 74.09630025931705
0.9977520646997717 -0.0072971934430956596 -0.06661507603537721 -2.741385923161493 0.007312602108090485 0.9999732624892969 -1.2526933576607429e-05 -1.424549948309263 0.06661338632552614 -0.0004746307716064838 0.9977787487654164 75.40101266757947
0.9976038375392843 -0.0011525572362023823 -0.06917553714076206 -2.842249604106882 0.001186812484881058 0.9999991926358285 0.00045409670797327763 -1.4511127895155402 0.06917495791846501 -0.0005351070096151008 0.9976043999790045 76.72314585318945
0.9974655883524739 0.0017219838790082662 -0.07112970423231432 -2.9419670366125525 -0.0014970823440541676 0.9999937111075469 0.0032150411840016174 -1.4779376225871643 0.07113479315434326 -0.003100405921833604 0.9974618933503234 78.06280689113021
0.9973373010185276 0.004538685003983935 -0.07278535797477759 -3.0430702234800924 -0.0041779759648742825 0.999978229886551 0.0051072761625669694 -1.5024489871634952 0.07280695374700717 -0.004789581547317399 0.9973345513891947 79.38612529431946
0.9971992728589698 0.004870492812697855 -0.07463168569251524 -3.1416178772657655 -0.004547608664267243 0.9999795537891518 0.004495693393591224 -1.5247235857082366 0.07465205599969507 -0.004143706482601878 0.997201033007692 80.68974864106296
0.9970554492094666 0.006478288456069548 -0.07640983562599468 -3.2435610096173844 -0.0060893812408039346 0.9999672992415685 0.005321642944719098 -1.54774588152056 0.07644181210447405 -0.004840684477105432 0.9970622935082747 81.97917201567101
0.996967306090928 0.006999139375661117 -0.07750614578083825 -3.347194506123845 -0.006576580423009719 0.9999620952170298 0.005705849552037652 -1.5707680265794686 0.07754314396347471 -0.005178820055849896 0.9969755466645569 83.29143808431014
0.9968938413651225 0.0065476142080503575 -0.07848437931509196 -3.4494585004844676 -0.006087720860929469 0.999962879290567 0.006097515530243344 -1.593263708693216 0.07852139009857187 -0.005600784686514179 0.996896696006104 84.5906400239613
0.9968150914699214 0.006198393809896385 -0.07950631001368413 -3.550665760990203 -0.005664458793143765 0.9999598784229669 0.0069394128648592405 -1.6146919224176355 0.07954613330888803 -0.006466951252764772 0.9968102082227599 85.85453390175833
0.9967130382462167 0.008214658434104263 -0.08059552578654347 -3.655547951256355 -0.007479685112636396 0.9999276849873956 0.009416958445625666 -1.6360154083693288 0.0806670546171992 -0.0087831761090072 0.9967024039886866 87.09915119937335
0.9966080274167788 0.010392471645776771 -0.08163599831894575 -3.7531308880415075 -0.009305354576742059 0.9998630446912044 0.013685840750151959 -1.654470730076922 0.08176704754753158 -0.012879766842964983 0.9965682422902272 88.23148833448673
0.9964904597990084 0.012733584900447742 -0.08273221467569769 -3.8438696476627894 -0.011441136172126533 0.9998052891542377 0.016077443276366912 -1.6691874761776666 0.08292082930514802 -0.015074468308933057 0.9964421189775912 89.25560141699549
0.9963707428494946 0.016062470576215716 -0.08359030944156152 -3.937087709055721 -0.015096333568908415 0.9998118893914565 0.012177296262498987 -1.682833619710059 0.08377018268049827 -0.010871194528506387 0.9964257993564807 90.2699741430689
0.9963204547220625 0.016348801868678233 -0.08413244427616907 -4.032993307824803 -0.015998710604271736 0.9998603282727496 0.004833756852862988 -1.6982937184157967 0.08419971948542794 -0.0034699601972558816 0.9964428566730793 91.36971642383948
0.9963152822231954 0.01421352118149951 -0.08458034183035276 -4.1247753922056045 -0.014390029441511345 0.9998953664649479 -0.0014775569710677823 -1.7178079485418496 0.08455049060288586 0.0026892261997421216 0.9964155672214583 92.47076986210058
0.9962681888005807 0.015460416304830568 -0.08491567294495236 -4.229510565076158 -0.015778072789884558 0.9998708024474378 -0.0030709659973923564 -1.7412585405844812 0.08485722363505589 0.004399311400817742 0.9963834089627103 93.65806920270728
0.9961684780853632 0.017443770752078643 -0.08569759699689529 -4.333999632959341 -0.017451905113354153 0.9998474898146514 0.0006543082288515746 -1.7673847081601763 0.08569594084323849 0.0008437850986984838 0.9963209792781151 94.82737566101751
0.9961014941094436 0.018328160117158356 -0.08628958210384458 -4.433193573553574 -0.018049947389897493 0.9998290716693697 0.004003354092693617 -1.788653925068105 0.0863482068844412 -0.0024302245759106234 0.9962620544697842 95.94011706998205
0.9960786834770092 0.01544536591079057 -0.08711312756749952 -4.521321481111611 -0.015462484305453807 0.9998803342419091 0.00047830470875038545 -1.807250415311897 0.08711009070029285 0.0008705562432185239 0.9961983106942194 96.97862275566816
0.9961619361992053 0.007465936404099895 -0.08721041601472745 -4.58520043436169 -0.007891719690148444 0.9999585605682388 -0.004538491669103981 -1.8226576392505591 0.08717291797447196 0.005209312805768048 0.9961795748919517 97.8406964608223
0.9961212508452018 0.0037705279351213043 -0.08791039036247214 -4.667267760822414 -0.004640948542863758 0.9999421944213038 -0.009698938732248301 -1.8421441239823757 0.08786873853205276 0.01006930657989345 0.9960811683059706 98.82809138691823
0.995955472409423 0.0057756197534503916 -0.08966236219388872 -4.770462402011818 -0.006695998648192139 0.9999279032791442 -0.009967539610156796 -1.8694993219730924 0.08959832911292455 0.010527604677237335 0.9959223408278044 99.94150127143207
0.9958491048479997 0.011448234644038458 -0.09029672362258857 -4.873786902899823 -0.012126678342146863 0.9999021875048328 -0.006968435652149327 -1.8941099673036816 0.09020811518829787 0.008034509729104657 0.9958905274213573 100.9803212647771
0.9959028307710933 0.011288760530167396 -0.08972243614513525 -4.958386541968994 -0.011679533742460984 0.9999244511307145 -0.0038315169973049553 -1.9140637126229045 0.08967240463868502 0.00486373484417647 0.9959594388978317 101.9210001489752
0.9959984270154325 0.0079770577551492 -0.08901404345583687 -5.036653258214346 -0.00799221682954887 0.9999680444038361 0.00018612178789822206 -1.9326771316483722 0.08901268366326275 0.0005260425281940072 0.9960303536671584 102.85341970665179
0.9959830906387007 0.004362567068584639 -0.08943517859520726 -5.1229046779864 -0.003985178707344264 0.9999823886189805 0.004397817930746111 -1.9527228615040115 0.08945278929387868 -0.0040237371253056455 0.9959829356103919 103.87492726545148
0.9959556171905717 0.007749566551017506 -0.08951174674209726 -5.217528901193909 -0.007359209577410878 0.9999619214431787 0.004690170366263072 -1.9710143095858275 0.08954468505135166 -0.004012465817945239 0.9959747233223925 104.8611860527389
0.9960241918161573 0.013737132348928524 -0.08801761478137093 -5.309412306816209 -0.013388609796017727 0.9999000215089636 0.004548858549952474 -1.987418509133887 0.08807130318499763 -0.0033523396614184436 0.9961085319251579 105.78189886362233
0.9960472148181915 0.021161916089345905 -0.08626771795030706 -5.407901366055586 -0.020740593568676816 0.9997681980390069 0.005777366896716479 -2.0050674541407147 0.08636998107760138 -0.0039652865303526925 0.9962552398212967 106.76703582132423
0.9962426696253026 0.02087698209387251 -0.08405173904509357 -5.497106453097341 -0.020355727552767836 0.9997679164964917 0.007053899635231046 -2.0233204226731334 0.08417949615939667 -0.005316461503533251 0.996436424295817 107.80933980627334
0.9968467724040687 0.017995951137432104 -0.07728297412918309 -5.56875578325839 -0.017377993014100993 0.9998114768348434 0.008661186300591338 -2.0401611384952827 0.07742427078374516 -0.007290852624408906 0.996971577208506 108.7812269296588
0.9981522517932722 0.017275730102527212 -0.05825488296655495 -5.610674506603961 -0.01667929406440009 0.9998035381689075 0.010709164974425677 -2.05409455593844 0.05842844674929888 -0.00971772681036223 0.9982442999567317 109.5828519655129
0.9995198784528906 0.017610128413988332 -0.025493056991341273 -5.614760654878175 -0.017304450548461175 0.9997762958105769 0.01216200339171489 -2.06589362279602 0.02570152852919061 -0.011715020807794723 0.9996010152649595 110.25964840837767
0.9997748455191918 0.016757831142259972 0.013016657116379449 -5.5869437365458925 -0.016926440127022855 0.9997728318992006 0.012953000458627248 -2.0772051509750367 -0.012796635952632187 -0.01317040969986844 0.9998313789917951 110.91018287768331
0.9984088055732273 0.01556033955305646 0.05420085596036933 -5.531176058910717 -0.016190660667350594 0.9998060836210311 0.011209712821147804 -2.088400915312499 -0.05401591858885503 -0.012069423655315341 0.9984671299304908 111.49196041892776
0.9951434733205029 0.01551150165690798 0.09720525101019369 -5.453009460168196 -0.016639624294136558 0.9998031611314567 0.010805641808719766 -2.0994599390067874 -0.09701850550774828 -0.012370622777213472 0.9952056959649839 112.02272420200295
0.9896954494051526 0.0163266061567191 0.1422545583035491 -5.353068155277425 -0.017582864216213884 0.9998166882772712 0.007578438376483884 -2.1104889945796503 -0.14210475119674437 -0.010001588557592242 0.9898010951265093 112.52780116724564
0.9811841995755355 0.015701207538390393 0.1924345046636727 -5.228645605187358 -0.01687757675781879 0.9998475480268296 0.004475277368163481 -2.121926004252232 -0.192334900384981 -0.0076388995656739575 0.9812996144436853 112.97367854688993
0.9682326310661257 0.014121165327367959 0.24965208757101487 -5.081863870985817 -0.015343503125550204 0.9998779278026116 0.0029506617889846227 -2.1315555187740243 -0.24957994520915475 -0.006687464613280852 0.9683311049256044 113.36172500701795
0.9506412208848128 0.013357203277225883 0.31000460363556603 -4.926178245657126 -0.014444636613900648 0.9998949356919994 0.0012124564266507026 -2.1392929446071745 -0.30995583818945205 -0.005630514905852906 0.9507342823703003 113.67013452942739
0.9293241672661147 0.013513699894932023 0.36901757688529374 -4.748773726855519 -0.0140890386604615 0.9999000996821966 -0.001135625448634389 -2.1483900864665504 -0.3689960584135931 -0.004143738732748356 0.929421722526727 113.98114018052978
0.9041179506565189 0.010814666493643203 0.4271460807373616 -4.496419473359 -0.011106949368685498 0.9999366826314503 -0.0018073194885103038 -2.1620849776659172 -0.4271385805290581 -0.0031102598996487927 0.9041808222402081 114.40784276188192
0.8751976560264108 0.010196252141466427 0.48365803966040394 -4.182856186851458 -0.009971499649523007 0.9999456727204034 -0.0030365774288089887 -2.178028475264366 -0.4836627255439648 -0.0021651905249263637 0.8752517808433039 114.89632789253467
0.8434548763347745 0.007843942825161175 0.5371427595602937 -3.827244436644427 -0.007996686138459465 0.9999659334856617 -0.002045697669401003 -2.195025978280544 -0.5371405073143289 -0.0025699083849866993 0.8434888683159959 115.38520993060509
0.8079226051007218 0.009255592242885788 0.5892159181314586 -3.4725163014071736 -0.01019388544176139 0.9999465448132182 -0.001729802216646977 -2.2110940915214954 -0.5892004318284775 -0.004608853256711909 0.8079737678939798 115.81738321513633
0.7679423940964603 0.008462271148356761 0.640463011669222 -3.1245389264577423 -0.010221803265026282 0.9999472993309999 -0.000955666601391178 -2.227409690803249 -0.6404373459499448 -0.005812790005978639 0.7679884226893908 116.16973322639315
0.7263144137793848 0.007215495810476114 0.6873247478132295 -2.787396247413597 -0.0073219273784782815 0.9999693844684909 -0.002760345118720567 -2.242576523747368 -0.6873236222593945 -0.0030276634421870434 0.7263450086138872 116.45621909967453
0.6840590667134805 0.003698717729638595 0.7294172418679452 -2.4681429757009785 -0.001670165951342302 0.9999924647006665 -0.003504438269399014 -2.257013039015891 -0.7294247074186471 0.0011789949302302408 0.6840600895960657 116.68270650872725
0.6407496622094389 0.0050811994364486565 0.7677330602434542 -2.214100384208025 -0.003082806786665953 0.9999870652315108 -0.0040454507770086665 -2.2704953007817124 -0.7677436855362655 0.0002253485303868761 0.6407570386170047 116.83431910436583
0.5960304749615537 0.008561301272962417 0.8029161706165967 -1.9974434354731558 -0.007366966680600586 0.9999593763909185 -0.005193589299789062 -2.2818233630453224 -0.8029280171466386 -0.0028195191791393582 0.596069332873758 116.94016334656436
0.5533121746281576 0.011018377070881309 0.8329010942332736 -1.7877380531213487 -0.008185188524019525 0.9999361534251805 -0.007790491774118455 -2.2910471616907486 -0.832933754927177 -0.0025068785332012333 0.553367035034555 117.02247265026662
0.5123286948812915 0.00855489137193734 0.8587468324453069 -1.559358860207221 -0.001776762369641446 0.9999588011384614 -0.008901636996357123 -2.2963839092731706 -0.8587876055909954 0.003034775007713054 0.5123227875313944 117.09792491421389
0.4730252067036076 -0.0022812760280346896 0.8810459406879385 -1.2315008229467026 0.014506089112574396 0.9998812637609847 -0.005199207477717622 -2.3059327434288917 -0.8809294677791567 0.015239887119733472 0.47300213386295675 117.20178435145664
0.4420687108281391 -0.007290438877811931 0.896951561907173 -0.7422858085353874 0.020459851112333123 0.9997887590786999 -0.0019574760117980314 -2.323027220738209 -0.8967478181736542 0.019216834308607947 0.44212448912036895 117.40569551532546
0.4161743876919554 -0.0038912627986301064 0.9092764910097801 -0.21340903490043872 0.018891995883992468 0.9998119883123484 -0.004368125276333073 -2.339034706508251 -0.909088538878775 0.01899594958780753 0.416169655763743 117.6361763746143
0.3827689089548705 0.0043624034034970595 0.9238338225969236 0.1909602266093317 0.008201804601179554 0.9999333959758834 -0.008119976195982023 -2.3537475425380996 -0.9238077141585163 0.010685178926176288 0.3827076354249201 117.79741073073261
0.3468006732968053 0.009142025993694007 0.9378942991412275 0.5875837194632625 0.0027773699430180313 0.999938104173403 -0.010773766207901606 -2.366722613825343 -0.9379347414490431 0.006341228811005444 0.3467538169942538 117.92079323685054
0.3186630735359748 0.010329078977330554 0.9478117722903041 0.9846096198201724 0.004452363325048767 0.9999132813639271 -0.012393797353838597 -2.3761264703142215 -0.947857595857853 0.008169447931551051 0.31858945069645056 118.0284967349954
0.29589456705989764 0.009660926084325113 0.955171749839593 1.3488470169428557 0.011669594559318541 0.9998376719991019 -0.013727717007546695 -2.3831382253281075 -0.9551493211782427 0.01520842393581169 0.2957337959958785 118.10964843611679
0.27398537534240885 0.014077885274977981 0.9616308165011482 1.7518227992297755 0.02026160654433345 0.999586437043965 -0.020406424919510596 -2.3899272796138904 -0.9615204009269501 0.025075247235821153 0.273586824568254 118.19446986566372
0.250211891991609 0.022246370006387458 0.9679354875855721 2.2685843239628016 0.02264117326712284 0.99932814846849 -0.0288206341295432 -2.402883788981237 -0.9679263331364987 0.029126460479772878 0.24954010283089334 118.30863539733556
0.22845547634545058 0.024313755805365416 0.973250705936765 2.882531479047961 0.02112415349591972 0.9993289427319736 -0.02992380920401428 -2.42078194114816 -0.9733251591666862 0.02739535538799388 0.22778856212793377 118.44380444322734
0.20937984353358724 0.020208745607179213 0.977625535531287 3.4882586704501426 0.01872029124135812 0.9995203386516193 -0.024670697549776785 -2.4390258179440205 -0.9776551701994369 0.02346698154297109 0.20890109851212538 118.56825800613433
0.19604843125661175 0.01761724280451166 0.9804359465858997 4.1285046415883375 0.020277270175342973 0.9995519771604271 -0.02201538709445543 -2.458539889377682 -0.9803845393089685 0.02419664668191544 0.1956033674896548 118.68742181978789
0.19003323984628998 0.014910107972383206 0.9816644316841552 4.934926787544867 0.021258954477635737 0.9995877427684993 -0.019297703529075328 -2.486903531331778 -0.9815474642665231 0.02453636458871095 0.18963792396229642 118.83999969512261
0.18705271853458355 0.013891848002574883 0.9822516464979308 5.8364529361851325 0.02470762747371205 0.9995171551778955 -0.018841169011197957 -2.5178862342710464 -0.9820391100325094 0.027793399651025275 0.18661916649260968 119.00509980303913
0.1851084885567491 0.014369770980451581 0.9826130251254591 6.640478746383527 0.0280221851757463 0.9994093119400863 -0.019894329479047516 -2.5432800998534955 -0.9823184843024249 0.0312175734068823 0.18459647479942287 119.15006335341204
0.18475149913923952 0.014747102638220115 0.9826746188487736 7.465055950298869 0.02995334912728417 0.9993384085354821 -0.02062867183874491 -2.5686645579283334 -0.9823287028494403 0.03324557398435772 0.1841875440104138 119.30204929622101
0.18580290081884626 0.014788913669508654 0.9824757351099206 8.392566979736113 0.03257531086616325 0.9992443793627251 -0.02120187336007377 -2.6005332519191207 -0.9820469088436031 0.03594382206276342 0.1851807508523651 119.4730644031688
0.18594765043710312 0.01549642110026353 0.9824374444360339 9.334075069838862 0.03356153166037931 0.9991919941308728 -0.022112947731601367 -2.6335832961277705 -0.9819863007646956 0.037083956070711806 0.18527732001682068 119.64924864105502
0.18532630153982704 0.016390391681596103 0.9825403386213178 10.437565008215891 0.03274437198147942 0.999202647870831 -0.0228445746613907 -2.674188433973706 -0.9821313395168227 0.03640636686687114 0.18464183813655913 119.85770505104745
0.18587622012717833 0.01609020251605951 0.9824414161537702 11.662629837640502 0.035376099218313244 0.9991080724227543 -0.023056262138190137 -2.721277711860137 -0.9819361294887409 0.039040555870544086 0.1851412233998421 120.08322394800335
0.18599793856633534 0.015651019718586595 0.9824254742375337 12.746643426162361 0.03717820610452001 0.9990449786000708 -0.022954557822680424 -2.761266321768164 -0.9818464991229149 0.040794317199254124 0.1852384297178185 120.28406256187202
0.18572028882315333 0.015096452707690873 0.9824866774847839 13.7384154121811 0.03841804842756663 0.9990058706066125 -0.022612475506724537 -2.7962110162867053 -0.9818513267671751 0.04194481623716481 0.18495568257387754 120.46804476922172
0.1868206716697103 0.013874194322653874 0.9822960568834511 14.770286955759527 0.03891927025625085 0.999010767562098 -0.021512245296791566 -2.8331726344339976 -0.9816228028319225 0.04224917782496675 0.1860958890827932 120.66218220728618
0.18858977797880824 0.012714650218444994 0.9819736418620039 15.813766331237776 0.04291127586829005 0.998854477254163 -0.021174410798619595 -2.870026443062097 -0.9811179939463242 0.046131019272673636 0.18782814223540897 120.85473108132969
0.19068215851186993 0.011747769886576078 0.9815815321856596 16.83637537243577 0.04612299404729138 0.9987168407891119 -0.0209127077235228 -2.905814216742508 -0.9805676844794387 0.04926115941497949 0.1898956406232762 121.0469074872639
0.19314931818994752 0.011497845434242303 0.9811020030726315 17.847990823232053 0.04655177244178271 0.9986978672859462 -0.02086869332353147 -2.9420079798843206 -0.980064423068855 0.04970281107616952 0.19236256705980984 121.24451370236186
0.19576736771241732 0.011410612062345376 0.9805839768583391 18.85309004939003 0.04962748004634369 0.9985357718681125 -0.021527320409279387 -2.9789541474264785 -0.9793938181156762 0.05287825859572793 0.19491443970286687 121.43897733954098
0.19883625887609893 0.01093282055867375 0.9799717422409638 19.841638649221053 0.049939162859906135 0.9985256942480418 -0.021272469046134036 -3.016058003168299 -0.9787595323515421 0.05316870659606831 0.1979971375295426 121.63782146040465
0.20190926385581673 0.00962723524464616 0.979356914260959 20.870677151061976 0.050909270557889436 0.9984967227736121 -0.020311099960876485 -3.0545218564750036 -0.9780802090526454 0.05395934536205333 0.2011156227338717 121.8480762077729
0.2061500551055221 0.008282605451446618 0.9784853362350029 21.838417106057697 0.05131183564183836 0.9984968957576793 -0.019262520223050965 -3.0919536523327595 -0.9771741146300671 0.05417884835629257 0.20541519439352784 122.05004673875243
0.21011273381149906 0.006684907839748393 0.9776543106320522 22.746350726829526 0.04932208966831184 0.9986308538213395 -0.017428404023723018 -3.126172172520745 -0.9764322662432914 0.05188188318900141 0.20949534514101698 122.24997581067738
0.2121122533515976 0.005909714688399131 0.9772274388546458 23.71947069450203 0.04861239360825574 0.9986799153482929 -0.0165910176783488 -3.1634245912806844 -0.9760354640922554 0.05102452304754042 0.21154496184496455 122.46252138174499
0.21408958408569248 0.006947568960880105 0.9767893228693435 24.76808106083505 0.04578519764870698 0.9988042667224986 -0.017139208068112876 -3.2053508797355623 -0.9757404192008677 0.04839181813557992 0.21351549422758315 122.69608866297725
0.2160141848399603 0.010637609753588458 0.9763322760242333 25.89473760582079 0.04447426757711594 0.9987955871731867 -0.02072232049867972 -3.2498617351527974 -0.9753768048664105 0.04789797805859101 0.21528091468240362 122.94653290873123
0.2175807649737559 0.01766739878203632 0.9758824077386137 27.002165747385288 0.03958119851857202 0.9988539815158637 -0.026908220560676353 -3.295651226256876 -0.975239426724161 0.04448130652515856 0.2166321165768051 123.20067510394877
0.21806908888604387 0.02130091310353967 0.9757008473776008 28.007066676813118 0.036314818611539346 0.9988922933013521 -0.029923574859609347 -3.3393832543299724 -0.9752574564809146 0.0419578059974911 0.21705399349990176 123.43081624947807
0.21750029627576983 0.021519999398651915 0.9758229915029861 28.88877254885071 0.03362302240139009 0.9989983730307116 -0.029525295029673628 -3.379354941379358 -0.9754809652087271 0.03923187871967987 0.2165588746913332 123.63188663459408
0.21608173058897667 0.019651330076022135 0.9761774997058263 29.776256816980506 0.030983860493542376 0.9991558904550674 -0.026972336900247113 -3.420162383540214 -0.9758835412561232 0.03607397670325459 0.2152904598681131 123.83259133341548
0.21564761340219846 0.018324048920662764 0.9762993065986945 30.759171594217577 0.03198029767561598 0.9991550166244032 -0.02581691915914689 -3.464177507736629 -0.9759474204046635 0.03678969944759118 0.21487938621478128 124.04696509008728
0.21502182065139913 0.018075248792394093 0.9764419603974693 31.770979488023013 0.029272789891011335 0.9992601818456592 -0.0249437918083631 -3.5081872204694116 -0.9761704361512679 0.033946639876065964 0.21433363064477448 124.2747013516389
0.21222714531094067 0.018416246423217045 0.9770468160026164 32.7735003699137 0.02771125303880978 0.9993069159059335 -0.024855065431275525 -3.5518491692457457 -0.976827377405133 0.03235011113200812 0.2115697167875378 124.4946748723163
0.20949639481254748 0.01896201893683714 0.9776255430369987 33.8117587270016 0.025101777374839138 0.9993781534990155 -0.024763018425153254 -3.59725300093887 -0.977487166838098 0.029727901822017202 0.20889013983453458 124.72107366632711
0.20797954065243754 0.02062062038886833 0.9779157942710514 34.909053159982584 0.021753919871774243 0.9994329550631512 -0.02570088138471914 -3.6453346150577417 -0.9778912401899382 0.026618759334671543 0.2074130275832969 124.95967901337231
0.20619555782355864 0.02034345508350706 0.97829930786498 35.98955921881763 0.019023492713034395 0.9995115596851535 -0.024794127948994982 -3.6931848419789963 -0.9783258652712964 0.023723108797527707 0.20570784003083648 125.19226575507257
0.20260606300164613 0.019460488745565156 0.9790669398017475 37.04243074673236 0.01676271542738166 0.9995871079830644 -0.023337200465273468 -3.738630334203555 -0.9791168442052643 0.02114007880400331 0.2021961979407305 125.4142131437078
0.19765334446033722 0.01710385501247311 0.9801227543360868 38.08732071823612 0.014827985156980418 0.9996812117695666 -0.020435402886093447 -3.7827588571594486 -0.9801598269057089 0.018572371379145032 0.1973367191921656 125.62888114296253
0.1919278666501371 0.014952053928532221 0.9812951289425863 39.156207904790506 0.013634974380433618 0.9997468063750339 -0.01790001722253631 -3.8265722137508607 -0.98131431329456 0.016815446061298547 0.1916754008655978 125.84053570900541
