1.0 0.0 0.0 0.0 0.0 1.0 0.0 0.0 0.0 0.0 1.0 0.0
0.9993631255514039 -0.0017682524610035332 0.03564009780238382 0.0394169323143756 0.001847801357287813 0.9999958745865748 -0.002199190754772323 -0.03884085076547528 -0.035636062047781525 0.002263645967466134 0.9993622701446464 1.3014573435261418
0.9972129351292759 -0.004707311478157278 0.0744594065884369 0.12696093428102095 0.005287682466564065 0.9999571449925194 -0.007599249472304597 -0.07736833829017153 -0.07442044359574419 0.007971787569744912 0.997195090329849 2.482654656866131
0.9931691259228432 -0.004039800633943158 0.11661375272451195 0.2538346179468767 0.005435171488267345 0.9999173620431929 -0.01165023585494139 -0.11780841797238698 -0.1165570513720588 0.012204470304795236 0.993109009464737 3.580382613233126
0.9871725530681928 -0.0027102740305107926 0.15963397158344939 0.4233962307891386 0.0051315720761603 0.9998779336154129 -0.014757534922862307 -0.16029588017135077 -0.15957448867802512 0.015387406657779197 0.9870659604502099 4.634768670571367
0.9793490296604633 -0.004467734646764065 0.20212747821668223 0.6401785257490196 0.007658508767742594 0.9998580640518006 -0.015006631668716096 -0.20304304008144222 -0.20203174341316682 0.01624472522735325 0.9792442410122844 5.666352032284652
0.9702709702243819 -0.004864243017037609 0.24197227832896107 0.8997302123606754 0.00906095439605424 0.9998271631881275 -0.01623400309888266 -0.24881119988228928 -0.24185149047560087 0.01794388171642656 0.9701473463673845 6.697761900732825
0.9595680631540091 -0.007708864738137617 0.2813711171732316 1.2048494398343719 0.013847888055382075 0.9997073343197415 -0.019836373250226736 -0.29417708108206986 -0.28113585358553783 0.022930745992352775 0.9593939820099798 7.716273929765981
0.9468239166133182 -0.009875018621834217 0.3216006140171921 1.5523375609498795 0.017602150907390996 0.999621809461986 -0.021128235406175706 -0.34227506424311877 -0.3212703459898688 0.02566558113824368 0.9466396583348845 8.717986754771854
0.9328494924645315 -0.008960128754714348 0.3601548840448576 1.9488135317485913 0.01817808333528359 0.9995879320881937 -0.022215384531983313 -0.3925446989513787 -0.35980742306812047 0.027270535681341856 0.9326279730893404 9.745986991876503
0.9168128034988572 -0.009942021671182112 0.3991934863517381 2.3958311960886363 0.020123141329224364 0.9995701339237217 -0.021321504420576315 -0.4446105281485727 -0.39880990775507286 0.02758085518620368 0.9166187614835232 10.773018739695672
0.8976848485460494 -0.008846316498356684 0.44054926554843665 2.92329963034217 0.019711509648045022 0.9996037873981832 -0.02009289940755939 -0.5022878519289175 -0.4401969662301765 0.026720982459823125 0.8975035487496028 11.864675689172948
0.8766764831018867 -0.008156229728131967 0.4810112471582439 3.5319040149939305 0.020181626149059606 0.9995996011262244 -0.019832785842451742 -0.5619316645796735 -0.4806568900391286 0.02709452610611408 0.8764900688045463 12.990791330296558
0.8548191314533862 -0.00743212207202551 0.5188728322650792 4.115827833256228 0.02064729479716354 0.9995927617748669 -0.01969771115772732 -0.6141384125667743 -0.5185151316199341 0.02755130067348443 0.854624469642873 13.955358668038471
0.8323405999279926 -0.008552289130958061 0.5541985060085695 4.683291500309074 0.02400629433840286 0.9994989139575478 -0.020630531496333343 -0.6600579857240217 -0.5537443666021786 0.03047588141963628 0.832128834440947 14.793444732377333
0.8089943504256815 -0.007473489589132909 0.5877689069121399 5.291351045880058 0.02506188504742448 0.9994484683148145 -0.021786718455103375 -0.7078270433707973 -0.5872819109228552 0.032355928923975937 0.8087354641452712 15.624746245934583
0.7840996415195862 -0.010139690757236516 0.6205521241928066 5.983378607474658 0.03012159953442966 0.9993099735558774 -0.02173168178580597 -0.7590125737646534 -0.6199035742842143 0.03573182647304356 0.7838640157365029 16.488480515868332
0.7575816200169273 -0.008860603188990707 0.6526803036124622 6.6890710037463705 0.030388016321588385 0.9993024690210464 -0.021705848808097953 -0.8092650968320473 -0.6520327119681708 0.036277611822836085 0.7573224395222056 17.307482286128195
0.7281528943048505 -0.006908147829925715 0.6853799238444538 7.376625304820599 0.030879222171614686 0.9992645390168846 -0.022734438665800157 -0.8552544661033317 -0.684718800788722 0.03771814625525572 0.7278306844929814 18.031385677412707
0.6947824480168021 -0.007815390610622565 0.7191774951966884 8.064271804244632 0.035045863897680336 0.9991210186747197 -0.022999510126417683 -0.8974623218691078 -0.7183656014533579 0.041183852563757506 0.69444564433551 18.677424700322792
0.6597973039822939 -0.005954366159422128 0.7514200311286193 8.800897195370872 0.03635454236800828 0.9990506004370868 -0.024005103947037927 -0.9398125112274025 -0.7505636981009064 0.04315603422390585 0.6593873609670995 19.313359537168083
0.6271176267660421 -0.005264481954980578 0.7789067771107606 9.61602631076101 0.03986933450439957 0.9988833200426994 -0.02534855235806611 -0.9851908506020227 -0.777903540527682 0.0469510188411179 0.6266272284734185 19.958345661548773
0.5960757690863844 -0.003805775241900404 0.8029191700183045 10.45236130472283 0.0447874636263686 0.9985894559544798 -0.028516338447492528 -1.0303292765095104 -0.8016780903891485 0.05295861149372562 0.5954054289798378 20.56574031686581
0.5650218959894007 -0.003272137596578299 0.8250694214234893 11.299865101427025 0.04734936597431671 0.9984727006212245 -0.02846583313356087 -1.0757446103645996 -0.8237161492858889 0.055150332997241 0.5643138720392408 21.13709616513317
0.5345770949705098 -0.004556984973682605 0.8451074271480756 12.185213379892469 0.05174747308565517 0.9982856137478053 -0.02735018123187315 -1.120936594683726 -0.8435339522284447 0.05835295427068403 0.5338964358054319 21.685895521617056
0.5056462878353094 -0.005685725398507065 0.8627221476959218 13.097637256282738 0.056336999092919726 0.9980616093052991 -0.02644175796197877 -1.1660581119470634 -0.8608995145378906 0.06197335360950119 0.5049864644827782 22.20960962303849
0.4764811708436898 -0.0031864825131839307 0.8791789011120659 14.022747219596383 0.05798415813586617 0.9979301256741739 -0.027808302307071184 -1.21066050991248 -0.8772705006078235 0.0642285808742476 0.475679680207363 22.705444885060608
0.44647050202868205 -0.003749589369990217 0.8947904958133008 15.037231331609082 0.05911119176109825 0.9979304252393194 -0.025312712028794183 -1.2585403408231186 -0.8928437477111204 0.06419351183123138 0.4457681406425705 23.20939017731082
0.41838515949787863 -0.004941824857123978 0.9082562615688462 16.102146536776086 0.060926298609801935 0.9978855635311016 -0.022635994211085086 -1.3061531251569434 -0.9062239482874219 0.06480725625496375 0.41780159775551334 23.69783239732943
0.3914085963089324 -0.005355376425220087 0.9202014076705247 17.205269283413834 0.062076877476330436 0.9978588172961901 -0.020597136379509096 -1.3541077162078146 -0.9181207829138057 0.06518512627579724 0.39090296403858166 24.167089277905152
0.36479103487247083 -0.001412397913736795 0.9310883449000984 18.368649687920243 0.05931588353404511 0.9980028207453512 -0.02172546305367563 -1.4022693070920877 -0.9291981095747271 0.06315358197643502 0.3641462594154971 24.631213582717105
0.3367759875686386 0.0006451178691748009 0.9415845782616146 19.49561717815569 0.059654807665687176 0.9979761538078312 -0.022020453067467166 -1.4476808560965273 -0.9396931616860565 0.0635860067456789 0.3360559203861771 25.03580990195906
0.30741340884169077 0.0012369209243101682 0.9515752550854597 20.55593547481191 0.0612437560231453 0.9979001630485288 -0.021082384492637395 -1.4878535751134856 -0.9496031794452395 0.06475905044350899 0.30669213712311943 25.374707251986596
0.27795729765029703 0.0005004236727962198 0.9605933011733379 21.571728407512413 0.0627512721040806 0.9978544118188085 -0.01867754435298675 -1.5244843571836368 -0.9585416102247531 0.06547001137838492 0.2773295135355242 25.663651518062156
0.24637728722333788 4.837928173358461e-05 0.9691739936667272 22.494938683802488 0.06084574169829168 0.9980265520433081 -0.015517639438050724 -1.5551101627494825 -0.9672621299614974 0.06279330438820425 0.2458881307960123 25.89555419433911
0.21394895214486104 0.00022767567535421628 0.9768448157409151 23.400494943941904 0.06188849840519565 0.9979878356209548 -0.013787447833119193 -1.5810092162700329 -0.9748823824653234 0.06340526883775302 0.21350436117875055 26.085056783215794
0.18374497071804416 0.000852108487835534 0.9829735803402604 24.419829236252877 0.06387971914086611 0.9978754381414512 -0.012805914121619535 -1.6100183007185875 -0.9808961041916258 0.06514509855032215 0.1833001607106764 26.26871982942107
0.15718277477658113 0.0009676722701063116 0.9875690552684973 25.434297044517002 0.0664949371321583 0.9977197831605596 -0.01156103913302934 -1.637492892998617 -0.9853283709755465 0.06748553845397387 0.1567600186599008 26.421613327409055
0.13332355130335852 0.0009765347767294188 0.9910720846879354 26.353971356414366 0.07022162848983438 0.9974768924225562 -0.010429380387864588 -1.659215384572909 -0.988581687853915 0.07098517776880557 0.13291858777851487 26.53391328604093
0.11485934718130025 0.0004181186852131115 0.993381676669069 27.469442602032288 0.07509592182070181 0.9971347675169022 -0.009102633405317537 -1.6859927888569546 -0.990539213202074 0.07564443525982353 0.11449884944067287 26.65321381366611
0.10371803181323581 -0.0007285534242628379 0.9946064744846056 28.75091846403344 0.07895287754798111 0.996850112816365 -0.007503046374161075 -1.7191394171744947 -0.9914681099277382 0.07930524439094368 0.10344885310340887 26.780937429433447
0.09548731288671927 -0.0009150468798173388 0.9954302264683756 30.058630859914977 0.08125812955528576 0.9966693543329571 -0.006878554695727567 -1.7519970744043933 -0.9921085068977334 0.08154361301005404 0.09524363347970533 26.90287924225406
0.08995866106978297 -0.0017706569955757215 0.9959439261687055 31.422081142191125 0.08248743345174211 0.9965759245682381 -0.0056788989694429685 -1.786918512540822 -0.9925236836575116 0.08266372447914949 0.08979669277962855 27.023809461701422
0.08603326372393885 -0.0030970125172608267 0.9962874515151114 32.83993439038177 0.08227857179529319 0.9966013144194812 -0.004007083813558611 -1.822906644382788 -0.9928889737308669 0.08231785110673155 0.08599568147782809 27.146279324913646
0.08161521967046845 -0.003291721197515434 0.9966584773580666 34.312171040373755 0.08148366035507844 0.996668943513222 -0.003380847730405855 -1.8593558603794031 -0.9933274228638208 0.08148730948924375 0.08161157625560765 27.268380989003713
0.07635515531363388 -0.00034652361203848766 0.9970806237102482 35.7742525238245 0.08032927009165775 0.9967514781241965 -0.005805103252369593 -1.894842713799802 -0.9938395738868384 0.08053800828562539 0.0761349499100921 27.3823908528214
0.07177572308015943 0.0032806233052338784 0.997415401468741 37.19652765479447 0.08018845991006346 0.9967386459697408 -0.00904889648849845 -1.9305363062392806 -0.9941921627500252 0.08063069602289542 0.07127856890602577 27.484422782942925
0.06999907311879613 0.0061434726642669085 0.9975281387039334 38.62566974616096 0.08028610003054949 0.9967023406740025 -0.011772265578453378 -1.9691147693954616 -0.9943109533261689 0.0809116916062718 0.06927500456165679 27.58268649086716
0.06822186032058203 0.007510214523759843 0.9976419069246275 40.0479259987347 0.07962578901248318 0.9967407237263293 -0.012948489859953415 -2.010587239722941 -0.9944875622643751 0.0803213940573799 0.0674014996727864 27.679873892094935
0.06412266609769023 0.007950981105504233 0.9979103494763374 41.45129168895492 0.0789883512610941 0.996790540800447 -0.01301760868237185 -2.05172299701606 -0.9948110996855531 0.07965801698644812 0.06328883212865154 27.769708139550815
0.06266406721231403 0.009574597317477842 0.9979887483166436 42.8263568903806 0.07932298607497684 0.996742872798613 -0.014543362930171515 -2.0912413703819377 -0.9948774188615206 0.08007479385785389 0.061700476724759735 27.852646361610628
0.062437453598600326 0.010976368449579043 0.9979885188336508 44.162244810885895 0.07856867045678083 0.9967822397918505 -0.015878616381700437 -2.1304937596165825 -0.994951520633432 0.07940205142943416 0.06137414616938566 27.935378153754666
0.06217344826197348 0.012015692242323137 0.9979930287688168 45.554036608035396 0.0786362142284346 0.9967601234804636 -0.01689976482182145 -2.1723946691277893 -0.994962716961313 0.07952911026253785 0.061027145417540896 28.01904702600351
0.06407970273357971 0.011070470522969847 0.9978833781459531 46.965783745497994 0.0783499951348876 0.9967960672885045 -0.016089701691976994 -2.216890103413328 -0.9948643475167566 0.07921518112441435 0.06300702436623333 28.10655954275782
0.06445373492176174 0.008932650339886768 0.997880716224411 48.377805935128606 0.07815937594664081 0.9968429680226625 -0.01397172342280343 -2.2604559978993257 -0.994855179413702 0.07889426380718036 0.06355208204344004 28.196006289176083
0.06442290676192089 0.007519029420244039 0.9978943597800948 49.690201940700675 0.07789739288137176 0.9968825082626722 -0.012540370896078335 -2.299363152423987 -0.9948777237764611 0.07854125614289285 0.06363635609356086 28.278114087767083
0.0655111651175613 0.007905643355128477 0.9978205189552298 50.991406670382105 0.07923412509500842 0.9967699632957712 -0.0130993775339991 -2.335550490208506 -0.994701081061728 0.07991959130583189 0.06467316491513826 28.35941280071086
0.06652570660280574 0.00808081369196555 0.9977519886279738 52.463121636057885 0.07812557235092242 0.9968550381063492 -0.013282618222041784 -2.379375894832086 -0.9947214310076167 0.07883358073858801 0.06568516759584599 28.456289594175082
0.06785848785264326 0.008650746125645687 0.9976574513418046 54.013757988727804 0.07901683892294328 0.9967747211820208 -0.014017645277750181 -2.426538307897051 -0.9945609909869685 0.07978295434475227 0.06695607069597885 28.55666939720759
0.06949344426640562 0.009174978875029285 0.9975402152127191 55.63691083208382 0.07792723522007798 0.9968521760360264 -0.014597436185722018 -2.477930038888524 -0.9945340653868772 0.07874997711037356 0.06855971040027135 28.667272961891513
0.071603662452258 0.010229001916999558 0.997380711184655 57.288452367887864 0.07725728099678417 0.9968864569870582 -0.015770364890395808 -2.5315334097939064 -0.9944366385327974 0.07818413774912605 0.0705904564939107 28.781798758489977
0.07407766657029323 0.01037855075992689 0.9971984682096274 58.932879222372556 0.0763346852240746 0.9969531198289631 -0.0160465789201612 -2.585650461702152 -0.9943266642040958 0.07730952429955275 0.07305971739156265 28.900353515715423
0.0768330719099844 0.009375975864859444 0.9969998847228918 60.57519575622775 0.07491590463798263 0.9970747635618643 -0.01515001981275686 -2.640470193208506 -0.9942254705513988 0.07585517084969096 0.07590590729459983 29.024004108416666
0.08002064560820434 0.009657365990826812 0.9967464228973026 62.20447122132779 0.07525171934389359 0.9970409417565501 -0.015701566705316288 -2.693456000051816 -0.9939486279543005 0.07626333157771725 0.07905712646202849 29.149068031546182
0.08304106699262763 0.010467008506044614 0.9964911554678562 63.88928624264404 0.07310357932131215 0.9971867551896342 -0.016566290012635616 -2.7502777736464274 -0.9938611813946355 0.07422275262548887 0.08204227635528517 29.287543477246206
0.08647147058040669 0.010679611063489821 0.9961970842575266 65.5914213318565 0.07345958754883726 0.9971521608346344 -0.01706625735115624 -2.8080541770451832 -0.9935423361753736 0.0746559712973702 0.08544069391589536 29.428491978155673
0.09078219469433219 0.010700928253411584 0.9958132773070455 67.222361262695 0.07215020930434742 0.9972438377880876 -0.017293793425010983 -2.8640817646827395 -0.9932537140246804 0.07341810490746425 0.08975991002656701 29.573068330266924
0.09429639572848067 0.008138722282857365 0.9955108994643018 68.88267725791302 0.07336010144329874 0.997191179201986 -0.015101246239401803 -2.9208389537023822 -0.9928375925945035 0.07445477366399446 0.09343447655869178 29.722525410730622
0.09705136587250435 0.005717202891831303 0.9952629531804035 70.59890298655428 0.07378997998104492 0.9971900595414744 -0.012923776772639109 -2.9772767322325566 -0.9925402113953274 0.07469470357907342 0.0963567850260485 29.88378699812119
0.09980918053323418 0.005711560786325471 0.9949902037480929 72.31982142222213 0.07490768692328857 0.9971026020127652 -0.01323780567832343 -3.031872995909414 -0.9921829296662436 0.07585366921091272 0.0990921538072245 30.049252599781205
0.10225777449673058 0.007588453615219061 0.9947289896885024 73.98587892027936 0.07645884567268783 0.996952791046077 -0.015465359479783322 -3.0846960233614005 -0.991815200767451 0.07763728355093626 0.10136596928681575 30.21287668675046
0.1046618475894423 0.006976023138377994 0.9944833999420706 75.62700469919665 0.07490724333328631 0.9970795155342407 -0.014877654324974263 -3.1396274603010137 -0.9916828134818992 0.07605113281982324 0.10383362962667478 30.383028557503497
0.10713766564932702 0.0068363819945650856 0.9942206920399719 77.24266943925547 0.07532885467147428 0.9970463201221244 -0.014973282366135772 -3.192868689469693 -0.9913864454656924 0.07649770854186745 0.10630623845638897 30.55169214424415
0.10903545200675342 0.006346490658978648 0.9940176015856064 78.94961088948112 0.07554902565265853 0.9970344220138682 -0.01465285099928307 -3.2500235220044162 -0.9911627590505102 0.07669474151327935 0.10823262768497496 30.73391623934218
0.11107205618583409 0.006110833959949048 0.9937935681231629 80.77473709965213 0.07641750703518886 0.9969679634675186 -0.014671211195970896 -3.312088820018836 -0.9908700030544778 0.07757278857785017 0.11026830695661577 30.930990353283494
0.11314787463911535 0.005870311725807108 0.9935608174162747 82.60537323066565 0.07631177296122277 0.9969773861769987 -0.014580972505153372 -3.3754505081870176 -0.9906432616094298 0.07747019357096695 0.11235789841355677 31.13371628148765
0.11507475024279963 0.006788054144740975 0.9933336419237437 84.46183191095824 0.07577719308576857 0.9970028666889174 -0.01559169080390465 -3.4395547589780024 -0.9904623258178994 0.07706624510776733 0.11421547618597995 31.3441414028556
0.11684928742884182 0.007454502489526058 0.9931216815778461 86.3045296033074 0.07386035951281021 0.9971374119348364 -0.016174950155610504 -3.5057664298778684 -0.9903993595111085 0.07524235584118627 0.1159642038193598 31.55793989846388
0.11855468935400482 0.008322267198164352 0.9929126474674703 88.09247805809964 0.07146268883348236 0.9973002320072757 -0.016891753695947084 -3.5701914163488335 -0.990372591369969 0.07295880417686418 0.11763988760712818 31.769717212625867
0.12015070891433316 0.009348839892825861 0.9927116430968489 89.89420648202228 0.06995926270314949 0.9973899500506508 -0.017860265955312097 -3.635566754041608 -0.990287588889924 0.07159529824381669 0.1191830716165853 31.984678878643532
0.12163882238321029 0.008709810134703235 0.9925362139975785 91.745080103027 0.06847950604086048 0.9975051769851954 -0.017145819902708664 -3.703968334101852 -0.9902093486438257 0.07005398700397986 0.12073891155390092 32.208559924448
0.12336584544338003 0.007864419877218105 0.9923300958239846 93.5527550346545 0.06819597039474613 0.9975374086978152 -0.016383768503273423 -3.770192346929016 -0.9900152411957923 0.06969411128958279 0.12252572404028603 32.42816164911326
0.1251247663907014 0.007374595962913692 0.9921136064836826 95.4381602666536 0.06506011476701572 0.9977590579107135 -0.01562190204903603 -3.83889987255266 -0.9900055425613428 0.06650171194421013 0.12436457697557697 32.6658363565716
0.12660424790848673 0.00816502029586391 0.9919197028263415 97.37311006312555 0.06454785603580705 0.9977789889399951 -0.016451854335085482 -3.9085296798936118 -0.9898509679202776 0.0661091648219085 0.12579602391905173 32.9081300597883
0.128204606712327 0.009101396287823442 0.9917059762870004 99.19340070969704 0.06237215588547444 0.9979043702429449 -0.01722155684689201 -3.9748294819180194 -0.9897844679464004 0.06406272266805901 0.1273682636154697 33.1416030163998
0.13061667476191885 0.009417839814410441 0.9913882128446819 101.05317968498055 0.06288264701362155 0.9978628188941631 -0.01776421608616314 -4.042580330476361 -0.9894367372291686 0.06466141787670387 0.12974530457583025 33.38001016369562
0.1323756476143362 0.00873090810215425 0.9911611670976624 103.01459884767264 0.0602498634117015 0.9980412953520168 -0.016838252015606108 -4.115932574045662 -0.9893667883437165 0.06194629945187587 0.13159032679745952 33.640689122560694
0.13187667895418548 0.007587654928855362 0.9912370902265001 105.00860189848945 0.0587898298617318 0.9981506292385925 -0.015462123251085058 -4.189653296873124 -0.9895212465899087 0.06031375335098724 0.13118671313769936 33.90500087726681
0.1305092852214269 0.007798121417086214 0.991416418954901 107.03981258266768 0.056880831072893455 0.9982631236012804 -0.015339723409259352 -4.2627592557272465 -0.9898140722011647 0.05839456618710335 0.1298390430971011 34.172282300692544
0.12867184308203644 0.008430167205941738 0.9916513949361211 109.02928688272895 0.056592684272193355 0.9982718520599579 -0.0158296390246339 -4.333148043159189 -0.9900711211245095 0.05815704313032283 0.1279723933104254 34.42865449583581
0.1261281867062491 0.00888285025692001 0.9919741808583074 110.98305752228386 0.056037371587111355 0.9982994253482325 -0.016064567687856492 -4.402548332427037 -0.9904299538603449 0.057613820570266344 0.12541592472846363 34.67605708837709
0.12338904975148896 0.00924236875675328 0.9923153334606855 112.86555830612718 0.05473210920086481 0.9983711955220195 -0.016104414747469684 -4.46914391654911 -0.9908478887416837 0.05629861962515681 0.122682218778651 34.90996314599557
0.1202898022822101 0.008221811262652038 0.9927047724708846 114.67967681519073 0.053249890576707704 0.9984726885098404 -0.014722073682073279 -4.532013040268585 -0.9913096451767621 0.05463233584145069 0.11966827173495723 35.13067004806777
0.1155097611494504 0.007254347369805814 0.9932798545845161 116.47901543438599 0.050950941811548474 0.9986136760868365 -0.013218451530013376 -4.592282606516872 -0.9919987382087315 0.052135404252516296 0.11498001137464571 35.34407471338472
0.10733387926644694 0.005488193568578757 0.9942078847469333 118.31415536374541 0.04985091110978623 0.9986972459813155 -0.010894839643611617 -4.651188562479155 -0.9929724694185342 0.05073155429010254 0.10692045817415141 35.54706149837972
0.09869506089663659 0.003909920587438712 0.9951100428975734 120.28803231573175 0.050099841517418656 0.9987046216681962 -0.008892948808692722 -4.711623513728309 -0.9938557696338741 0.050732545565784576 0.09837132705151903 35.74577907816557
0.09306452323949528 0.004398333650472898 0.9956503649250102 122.35268047550554 0.04966800734513834 0.9987247399593834 -0.009054437554324786 -4.771955114293801 -0.9944204762375777 0.050294616552479965 0.0927273853037512 35.94057000134806
0.08927625982170737 0.004358773518512045 0.9959973647182322 124.52677148276048 0.04886658062542463 0.9987669780229543 -0.008751051872461862 -4.835473686110872 -0.994807421931616 0.049452246706392956 0.08895318187374875 36.13644087860341
0.08750920452717519 0.003719136069933709 0.9961567683602398 126.79363626532394 0.04910221505554666 0.998761379581543 -0.008042333803824004 -4.901289202148578 -0.9949528187807009 0.04961728210277738 0.0872181960205185 36.33275152312359
0.08663535412023575 0.003302715450757865 0.9962346146802541 128.9726383728237 0.047600440810830896 0.9988386673399644 -0.007450816139073939 -4.962836856463558 -0.9951022628107515 0.04806671090448167 0.0863775309426537 36.522874570418246
0.08436200567655372 0.003499831483626194 0.9964290256600403 131.1000329563424 0.046467354460416534 0.9988920825182435 -0.0074426105512070415 -5.022225012916238 -0.9953511124059096 0.04692929428356175 0.08410591162556756 36.704348831498535
0.08117135702712074 0.0040588383918237925 0.9966918965403935 133.18795144032163 0.045076416310483605 0.9989535639456469 -0.007739106724562972 -5.079821397063943 -0.9956803339882644 0.045555492656750594 0.08090345850346031 36.87689286215174
0.07929525987361459 0.0025577933403347695 0.9968478918344592 135.26160605181488 0.04782562752303526 0.9988354057251875 -0.006367230310566045 -5.13677684192785 -0.9957032545460549 0.04817976715414916 0.07908058499637059 37.035141038474464
0.07968876213626035 0.0011063294378243372 0.9968191798036228 137.37088530437066 0.04820894122951159 0.9988249452878405 -0.0049625251910374 -5.19301297273743 -0.9956533529169287 0.048451054745146445 0.07954178850995776 37.200347597046296
0.07968178351135345 0.001760715752376562 0.9968187966007116 139.51347728829256 0.04906324556933284 0.9987794882627518 -0.0056861023380412505 -5.248254691675007 -0.9956121791695074 0.049360244181270635 0.07949814452999666 37.36740311716436
0.08045687713945375 0.0022977965400918557 0.9967554419475367 141.66404810457436 0.04994815081285645 0.9987317264073762 -0.006334105913057092 -5.30581902752488 -0.9955058378288625 0.05029571351916593 0.08024006511871137 37.5354389823081
0.08081648098806285 0.0023857274713694728 0.9967261432836707 143.83307139406068 0.047345026622917 0.9988591691525558 -0.00622965921548991 -5.364661622040978 -0.9956039096220866 0.047693484925073394 0.0806113307229231 37.7125338506604
0.0809924057382545 0.002705578828776709 0.9967110464201413 145.96925294708996 0.045945476893298975 0.9989231571392042 -0.00644509767899415 -5.42252433210585 -0.9956551829653576 0.046316368318832096 0.08078088053479639 37.88514496602935
0.08089785072710273 0.003779607901672177 0.996715231303228 148.11825058860614 0.04663256367225346 0.9988834054421152 -0.007572736474759495 -5.48032586757058 -0.9956309264748113 0.04709200459178326 0.08063126782110573 38.05637020334566
0.07912775274278933 0.0021415912007209216 0.9968621832194295 150.30582601126122 0.04572821523807952 0.9989372204276583 -0.005775809502045187 -5.542200386612783 -0.9958151078774706 0.04604175530312707 0.07894572624019076 38.2296937106861
0.07723393015691885 0.0017443999723718928 0.9970114729035245 152.4812275523174 0.04588967744849926 0.9989324399942284 -0.005302624901910045 -5.599723583732239 -0.9959563532284895 0.0461620774653182 0.07707142834992176 38.397134289349665
0.07713470847680783 0.0024855581912652607 0.9970175819656736 154.63325206041512 0.04596602087265663 0.9989247042856243 -0.006046494274614653 -5.6558890212626025 -0.9959605221460012 0.04629532555621873 0.07693751463565351 38.56060682750614
0.07837144270053617 0.002389888490478214 0.9969213637002883 156.72535540214517 0.044327939712466624 0.9989997315060959 -0.005879643832457621 -5.7114544475718745 -0.995938226362402 0.044652266277891255 0.07818711138265588 38.72385087550869
0.07942924857054741 0.001200481420152819 0.9968397831727425 158.8964209793429 0.043116802271672174 0.9990592692080575 -0.004638746741027895 -5.769119518178935 -0.9959075940233542 0.04334899599554449 0.079302766110613 38.895303466805856
0.08068055861383482 0.0008434288238837268 0.9967396531138818 161.05034331368577 0.04300328181955702 0.9990655639648525 -0.004326274649108341 -5.8244746921674615 -0.9958119125690906 0.043212122458990546 0.08056889758512227 39.06628368440087
0.08264867241756936 0.0011553164432547627 0.9965780763149128 163.0472217469586 0.04390047016621141 0.9990243835984456 -0.004798926435360366 -5.874711386971421 -0.9956113426768509 0.04414687100647515 0.08251732008214271 39.226388627260945
0.08559679330749723 0.0017340007695817088 0.9963283506037593 164.97782195986787 0.043233778205861426 0.9990501011903474 -0.005453048102075696 -5.923882078240702 -0.9953913950791029 0.043541802361503734 0.08544051761074373 39.389121611330026
0.08876831731122059 0.0033551164849660764 0.9960466500295606 166.93633475237618 0.04223116195651181 0.9990824321184496 -0.007129010596649319 -5.974781543877498 -0.9951566282759415 0.04269703766839768 0.08854517588669722 39.56092901184479
0.09236970550107917 0.004872060357793956 0.9957128604841443 168.9655087130256 0.041846865865036185 0.9990855401792279 -0.008770588466842436 -6.030184026085116 -0.9948450519165889 0.042477599186524724 0.09208135666046317 39.744393084094575
0.09548514281335496 0.005282247378762578 0.9954168400045006 171.00004323938873 0.04205454612210029 0.9990716989138655 -0.009335715282013102 -6.0888162913025266 -0.994542107028345 0.04275322551565229 0.09517436133555338 39.93420112166057
0.0973313149390349 0.005837368466128237 0.9952349171234057 173.08468439707656 0.03988669475294497 0.9991565297317041 -0.009761182109985613 -6.150087543145358 -0.9944524456774827 0.04064670003689789 0.097016385534541 40.13743630805585
0.09816930706228565 0.006019955940153065 0.9951515197603792 175.2824499996005 0.03978356886696079 0.9991585918582457 -0.009968749372693514 -6.215548716810322 -0.9943742026013753 0.040569304237642496 0.0978472112763322 40.35121717532138
0.09958217014988013 0.00522043931427246 0.9950156473149603 177.52637696825587 0.039361509095857075 0.9991828506550424 -0.0091816424761753 -6.283553849228034 -0.9942505031378862 0.04007964533562562 0.09929531227521986 40.57120704462593
0.10163706724225055 0.00438204679969461 0.9948118938916254 179.80680266998596 0.03994876153075162 0.9991657223294333 -0.00848267493549206 -6.351032692224997 -0.9940191160206912 0.040603657319844534 0.10137721636393113 40.79858273231871
0.10214431610716619 0.0032013225271363167 0.9947644395640001 182.11267842701218 0.039988777437170525 0.9991733039554134 -0.007321635193291968 -6.418944940874107 -0.9939655106521967 0.04052727719574129 0.10193185683102142 41.03215900742672
0.1016926290692267 0.00154828582009297 0.9948146621376321 184.44665391347706 0.040234689014605834 0.9991741809759461 -0.005667968855394661 -6.486183197211558 -0.9940019009000385 0.040602449212665224 0.10154635456305837 41.268333279764214
0.10140771278796466 0.0028906422177992098 0.9948407510625434 186.83713361334756 0.037058718776067 0.9992907556094343 -0.006681101421363665 -6.552996047187508 -0.9941544785141759 0.03754503883464283 0.10122866643947832 41.51413151805141
0.10107508677471727 0.0038174163264983697 0.9948714762048798 189.30772860559358 0.03720082752505711 0.9992788042734069 -0.007613787583134605 -6.622904748535488 -0.9941830441447578 0.03777960643654614 0.1008601808077172 41.762462326720865
0.10084060639076381 0.005813746581534788 0.9948856077225319 191.77859474054728 0.03560008246301789 0.9993214539646457 -0.009448056657981917 -6.694325400610498 -0.9942654606448783 0.03637075743879686 0.10056521153937321 42.012448876339086
0.10122538038042768 0.006311145560851408 0.9948435011641529 194.14023336220794 0.034212401916426285 0.9993663294642313 -0.009820951496539691 -6.7656155047148845 -0.9942750796042054 0.03503011525670753 0.10094531739092805 42.251303850356784
0.10171573385472683 0.00787181635028978 0.9947823601138813 196.34824472819864 0.03222107603500542 0.9994179772670477 -0.011203078799505446 -6.8319558050570475 -0.9942915627448232 0.03319248744503541 0.10140289459216853 42.47733149753444
0.10161244803114938 0.007727117740977572 0.9947940500709361 198.49225416979996 0.032035736362001126 0.9994258013610196 -0.011035359968154312 -6.8977352986269285 -0.9943081122071082 0.03299028986382883 0.10130655839499868 42.69444509889433
0.1012835237566578 0.006224968117480867 0.9948381263237616 200.71091072616662 0.03241516227238485 0.9994288274814596 -0.009553850212774426 -6.965788382635219 -0.9943293745385836 0.03321548691453299 0.10102389003963887 42.91781387863676
0.10036628099108398 0.0051847832182367005 0.9949370470853927 202.94730335186327 0.030648862166547337 0.9994957489565792 -0.00830030515231674 -7.0327622349319 -0.9944783843241223 0.03132675917974085 0.10015676348295115 43.14516514543067
0.09827680874565067 0.004334690767144957 0.9951496768419944 205.2731558827972 0.03213263658759878 0.9994552726398268 -0.007526729593751766 -7.099878623955664 -0.9946402176308284 0.03271648588099542 0.09808398963591647 43.37282482104791
0.09635270727029685 0.004324004408348442 0.9953378616266754 207.6764560204325 0.03270513589737267 0.9994368449398967 -0.007507800111740997 -7.1689813501481225 -0.9948097958341686 0.033276056894711095 0.09615702860384742 43.604343032461834
0.094490126164358 0.0051461794345160185 0.9955124976084798 210.04230865219728 0.03201567977985197 0.9994536849673102 -0.0082053551719232 -7.236861014171511 -0.9950108603958447 0.032647334385692 0.09427374635512889 43.82991260823538
0.09238557627236281 0.004728893192753296 0.995712078296732 212.38366526431355 0.032771274813631596 0.999432540575401 -0.007787193723555256 -7.304843220399595 -0.9951838769011055 0.033350178532809506 0.09217817934802636 44.045711840357775
0.09006363521858907 0.004783300112790523 0.995924526081794 214.77080155218212 0.03211749491418822 0.9994544031515145 -0.007704709046175015 -7.372900602748754 -0.9954180067346842 0.03268051500634727 0.08986086916600541 44.26339454917233
0.08740862086152223 0.00356802250145975 0.9961661519116767 217.21068469722846 0.03274055328784657 0.9994430550962181 -0.006452580130643452 -7.442397670527982 -0.9956343652011485 0.033179042110431184 0.08724312004474591 44.47719753236116
0.085171620117385 0.0020150451870910332 0.996364258049974 219.71959616921325 0.03501462263938449 0.9993742208645116 -0.0050142669324862 -7.512261236212996 -0.9957508580603897 0.03531439174533091 0.08504776544775289 44.68830993261301
0.0834833273105649 0.0011475051191208356 0.9965085134072663 222.25049925309145 0.035740680564342285 0.9993525017982593 -0.004144985205748001 -7.5801343891964175 -0.9958680323285588 0.03596192961396549 0.08338825939234795 44.89876759994712
0.08161905621529911 0.0008561401508374358 0.9966632313307073 224.7037742892658 0.036473985576646946 0.9993272044354408 -0.0038453675245956553 -7.6444354772034595 -0.9959959729028421 0.03666613559248889 0.08153291643278113 45.09805077091189
0.08010298321955597 0.0006435352661290694 0.9967863853111606 227.13334227613691 0.03447085008640227 0.9993998678854087 -0.00341534258106985 -7.706569612957066 -0.9961903796833459 0.034633653185688174 0.0800327276391677 45.295225109524736
0.07947499952644928 0.0018140837954903194 0.9968352088235319 229.58193389953905 0.03326356598203238 0.9994366147141309 -0.004470832910589542 -7.768793046714965 -0.9962817169999811 0.03351361318536639 0.0793698815850938 45.49025410690959
0.07919874154734247 0.0029766500696081035 0.9968544020526172 232.07283804870306 0.03127328351114665 0.9994959079700242 -0.005469158034455152 -7.833685437672895 -0.9963681754631414 0.03160806076837832 0.0790657284714044 45.68946208008741
0.07887830008890347 0.0038107930327490424 0.9968769691549441 234.5415562339994 0.029148614092572692 0.9995563080085452 -0.006127431501549215 -7.900393675249832 -0.9964580132005402 0.029540903452424216 0.07873222308335658 45.88548687839147
0.0792259163976155 0.0038701733339927746 0.9968491741127761 236.97538098837106 0.029736426701864948 0.9995382723762787 -0.006243955640973913 -7.9661390253456075 -0.9964130665030257 0.03013741550642126 0.07907425047783069 46.075078872392396
0.07894971199788785 0.0013386254208916904 0.9968777011536741 239.369515594322 0.031170635510146632 0.9995068131162629 -0.003810776307176586 -8.031011456712962 -0.9963911553488141 0.03137417116279389 0.07886904923037683 46.2603502627143
0.07828902143705394 0.0009627875500008403 0.9969302393661067 241.78649515200442 0.029879798371737678 0.999548012738561 -0.003311778926128174 -8.09176183822737 -0.9964828281368892 0.03004735047428975 0.07822486789878541 46.45088270794731
0.07783821527124679 0.000650473033461431 0.9969657913530536 244.20942633047065 0.028515593586153534 0.9995892030797384 -0.0028785428328429925 -8.152107569306338 -0.996558113290849 0.028653131962211822 0.07778769094747416 46.640736912676374
0.07635295714763536 0.0014715168589444366 0.9970797664043464 246.66487041974517 0.028361839152397463 0.999591068846976 -0.003647075712310726 -8.212630948771166 -0.9966773961592112 0.02855748097244621 0.07627999912036916 46.829398308468214
0.07358838084182523 0.0011573123865988959 0.9972880280205507 249.18341681421035 0.026680385109330806 0.9996391188813915 -0.00312874614672296 -8.276691937437755 -0.996931746538095 0.026838268015515688 0.07353094664446458 47.01958403234474
0.07134470924315679 0.0007292418231591126 0.9974514527882411 251.56747443896285 0.023459193286677765 0.9997218931322507 -0.0024088674525465665 -8.336169439213247 -0.9971758113358684 0.023571266373043992 0.0713077603646569 47.19553394268799
0.07020226935072778 0.0005901160831806235 0.9975326025454087 253.88204209947793 0.02317618560845999 0.9997289258040698 -0.0022224606362622815 -8.391854432324244 -0.9972635087070265 0.023275022527290676 0.07016956268713716 47.358477224404766
0.06913305909773776 -0.0004778350719159228 0.9976073334801788 256.2320733086045 0.02307810168206449 0.9997330372916847 -0.0011204330824027338 -8.447282476675106 -0.9973404741423766 0.023100342447329458 0.06912563067542427 47.52108522603548
0.0678615436905287 -0.00044925013893663075 0.9976946472053718 258.4992185037405 0.022692125140688066 0.9997419027590126 -0.0010933089157147244 -8.49832103138883 -0.9974366538003993 0.02271400541732981 0.06785422325370569 47.676107272144414
0.06557556641219556 -0.0008453987949511484 0.9978472480247653 260.7234433085425 0.02097657425000676 0.9997798261914337 -0.000531482226966868 -8.548971779462812 -0.9976270988813672 0.02096626913642763 0.06557886196058328 47.82629599115064
0.06181136683423478 -0.0007576551530529264 0.9980875617343163 262.929921792376 0.02092739971039156 0.9997808537257221 -0.0005370892146028165 -8.597488595886244 -0.9978684276353493 0.020920575568850536 0.06181367685571605 47.96596059588934
0.05809615299366031 -0.0008488440706984275 0.9983106312521577 265.1501844802595 0.021294258748346204 0.9997731758402549 -0.000389120349532824 -8.645764848404937 -0.9980838599795588 0.021280891288467538 0.05810105088785198 48.09705502001219
0.05454053927935352 -0.0008187832521828322 0.9985112213536228 267.4393406081685 0.021040485641629036 0.9997785701984231 -0.0003294479595113882 -8.69563741661653 -0.9982898514655356 0.02102712928527246 0.054545689975824596 48.22522942641265
0.04999030957836324 -0.0007126018635221895 0.9987494486340622 269.7162278776617 0.0172191647268492 0.999851728167503 -0.00014848085357223 -8.744968090718068 -0.9986012564153763 0.01720505388071612 0.049995167832428064 48.34860039165261
0.04581065165675634 -0.0020282177931603283 0.9989480819979418 271.975143034788 0.01715963203221632 0.999851989872991 0.0012431313430398476 -8.79230164503095 -0.9988027489065604 0.017084632849453194 0.045838674687398516 48.45542983018979
0.04269932200098257 -0.001978761464523655 0.9990860085116411 274.23146038295215 0.01687935644114168 0.9998567409975526 0.0012588915294231584 -8.8371802121353 -0.9989453714927502 0.016810175038246198 0.04272660515877965 48.55416778193106
0.040732783978579046 -0.002487154092109024 0.9991669802259663 276.4639802099486 0.016331112240674208 0.9998649763778709 0.0018231252999508039 -8.881125398945116 -0.9990366034747357 0.016243247132236828 0.040767902083185356 48.646542468432415
0.038435861726414965 -0.0022731911729394513 0.9992584836443665 278.7607222807104 0.01935821804063959 0.9998114417038639 0.0015298471586950668 -8.924856808224787 -0.9990735428023494 0.019285062611492237 0.038472619256191554 48.731851907171745
0.03599035637918725 -0.002699352732675156 0.9993484916396901 281.15602783252405 0.018526052481468873 0.9998263101472884 0.0020334494607129315 -8.971714338718739 -0.9991804039447292 0.01844079803262338 0.03603411356988067 48.82085150242562
0.035256153847774085 -0.0015375808629221085 0.9993771257443067 283.5795550865691 0.01848705995101877 0.9998287070616586 0.0008860867769937193 -9.01805062951562 -0.9992073019299993 0.01844430482557951 0.03527854006717969 48.90532464449755
