1.0 0.0 0.0 0.0 0.0 1.0 0.0 0.0 0.0 0.0 1.0 0.0
0.9999959861120213 -0.002388697957978984 -0.0015237722637322633 0.0011083542247096179 0.0023927030715765575 0.999993673663025 0.002632034562611229 -0.023486235772736536 0.0015174754882504103 -0.0026356699324951538 0.9999953752453806 1.2357857159937664
0.9999926996596269 -0.0025370952829270213 -0.0028572320481077495 -0.002920114158302187 0.0025477984384389245 0.9999897283131925 0.0037485985680934682 -0.04611546795093349 0.0028476921477703174 -0.003755850853398426 0.999988892055206 2.4913994874098684
0.9999916348145921 -0.0012903499935201237 -0.003881404093081972 -0.010782347102787138 0.0013033207052410996 0.9999935692271054 0.0033410865857814182 -0.06831803372367252 0.003877067961599423 -0.0033461173512925857 0.9999868858353554 3.7646100497838924
0.9999895581422523 -4.946113677422599e-05 -0.004569590797764959 -0.019600766717326898 6.359118312597014e-05 0.9999952174341094 0.0030920971960360887 -0.09130493467081047 0.004569416004753542 -0.003092355494482257 0.9999847787715926 5.045924393666063
0.999987044449553 -0.0002824152790134036 -0.005082437865642394 -0.026775966127820454 0.00029980503589012187 0.999994103071789 0.0034211019553466917 -0.11470173813607387 0.005081441723407909 -0.003422581373554443 0.9999812322672627 6.331800155361027
0.9999837526693214 -0.0004648867697781454 -0.005681397510611059 -0.0347539981184367 0.0004853123700223562 0.9999934226384454 0.0035943221546951174 -0.1378912867156873 0.005679689189189454 -0.003597021009045417 0.9999774010299309 7.6154099937302755
0.9999783505371573 -0.0016124642570008285 -0.006379531017775625 -0.04179944946962188 0.0016284534953885784 0.9999955442218412 0.0025019343871602456 -0.16041997606146913 0.0063754683122279904 -0.0025122689912095318 0.9999765206785187 8.878045309757066
0.9999722563807415 -0.002144754973124421 -0.007133477056441018 -0.05091668999690505 0.0021636075020735474 0.9999941847189966 0.0026361583349084386 -0.18437737981597713 0.0071277816595686615 -0.002651519242810474 0.9999710816690245 10.175870831924001
0.9999682547042025 -0.0012514105196543518 -0.007869152148935443 -0.06316623514737933 0.0012699439345399746 0.9999964308538168 0.0023506428973235614 -0.20786388854948873 0.007866182443531421 -0.0023605616575109838 0.9999662748925218 11.449022257255574
0.9999654184623069 -0.0006237122988545051 -0.00829294052024099 -0.07552054450585496 0.0006393608881166801 0.999998020012251 0.0018844599312016718 -0.23111649982937024 0.008291748739484564 -0.0018896969454956494 0.9999638373202782 12.704445621702273
0.9999616717622977 0.0008721350438450242 -0.008711738449732182 -0.089934400383704 -0.0008487966230034467 0.9999960423957884 0.002682300701497749 -0.25530015004885714 0.008714043300559304 -0.002674803399462251 0.9999584545750541 13.969817544653916
0.9999552997629373 0.003345411621812283 -0.008843455042890833 -0.10633292631814598 -0.003317812045271433 0.9999895858600936 0.003133734926758735 -0.278824228197209 0.00885384657915641 -0.0031042539264014967 0.9999559855355203 15.236253569477855
0.9999517783925389 0.004583261835614528 -0.008685309467455769 -0.1208838619384836 -0.004550149804220286 0.9999823197761076 0.003828351075015756 -0.3028333795926078 0.008702702244615258 -0.0037886470066000565 0.9999549535491592 16.533573168652218
0.9999521339721796 0.00498230528899027 -0.00842059371377002 -0.13407220040680212 -0.004949693324084016 0.9999801867646346 0.0038892948158390944 -0.3263370283491681 0.008439804528696242 -0.0038474292942553656 0.9999569825684221 17.854018211311757
0.9999457383913681 0.006602180596409503 -0.008058007465560672 -0.1489983689275837 -0.0065723611819154 0.9999714769146724 0.0037214816382349814 -0.3506624612011486 0.008082347520188004 -0.0036683195691845603 0.9999606087692162 19.19350373331843
0.9999406727995824 0.007794235106831497 -0.007609256219816004 -0.16263608579640437 -0.007764868221439325 0.9999623204235695 0.003881308363756229 -0.37457462781350903 0.0076392213361739115 -0.0038219932247870107 0.9999635166670665 20.513932211124825
0.9999375557178299 0.008538947998732723 -0.007209093710546395 -0.1749995099696051 -0.008502682470911758 0.9999511185506694 0.0050462758608927905 -0.3979826500307934 0.00725183120676088 -0.0049846641150952005 0.9999612812843347 21.803179423516077
0.9999248836729229 0.010180887720462965 -0.006824700500058077 -0.18841885866428165 -0.01015589089114007 0.9999416287604357 0.003687404525445461 -0.42077833061433184 0.006861843185283714 -0.003617816627517763 0.9999699128028553 23.099889967403474
0.9999262100268966 0.010298704513296574 -0.006442917553034561 -0.19877193254155487 -0.010287367760359923 0.9999454810625004 0.0017902422317773328 -0.44422171878585237 0.006461003467767462 -0.001723829467533457 0.9999776416731309 24.38797452363839
0.999938918114438 0.009158226110798761 -0.006187643705953941 -0.20652325700083274 -0.009151725263190195 0.9999575408931343 0.0010781167209460805 -0.4685418094162742 0.006197254620832827 -0.0010214232523205113 0.999980275170318 25.65532784816951
0.9999425242018563 0.008889668367799626 -0.005993503911018309 -0.21563043439167612 -0.008866590647435309 0.9999532173475176 0.003866094494417266 -0.4939295932922791 0.006027591816941622 -0.003812730341827697 0.9999745652886523 26.935996123002656
0.9999500240976007 0.00791356488715646 -0.006109402424591885 -0.22375519498368648 -0.007881193168346325 0.9999548725252899 0.005304687283480361 -0.5173512793182051 0.006151105709712358 -0.005256272796295048 0.9999672672117019 28.206459671217416
0.999954373502497 0.007189540442127299 -0.0062897870758954885 -0.23229831622591557 -0.007160967984632935 0.9999639926092524 0.0045534626919241155 -0.5394754605124584 0.0063222979012498215 -0.004508213969489326 0.9999698518235702 29.45623106152053
0.999953479960088 0.007404280537072057 -0.006181791442494243 -0.24227000078056266 -0.0073856050342316236 0.9999681098736317 0.0030384328255220134 -0.562472419612171 0.006204091713417161 -0.0029926352075074444 0.9999762764088587 30.72259737271604
0.9999388264361729 0.00943676872016006 -0.0057698164244076745 -0.2546740004202215 -0.009424072979062564 0.9999531200935289 0.002223615007598218 -0.587024832503537 0.005790529676502713 -0.0021691038100842127 0.9999808821946178 32.01809580622387
0.9999355107802156 0.010093726715831966 -0.005204897856425292 -0.2643131568298557 -0.010087751474036871 0.9999484293615897 0.0011729823052762979 -0.6123741212692313 0.005216469199351929 -0.001120400944539245 0.9999857664741111 33.32806625781608
0.999933418805115 0.010584825522525433 -0.004595587598127709 -0.27291623414535526 -0.010576806026007312 0.9999425048142561 0.0017658539237111527 -0.6385950267696812 0.00461401462964589 -0.0017171297124459989 0.9999878810938397 34.63873224817271
0.9999277339984182 0.011380477498116041 -0.0038744693448598748 -0.2813557409348143 -0.011364880919990225 0.9999273209306624 0.004023970440198706 -0.6647391442287571 0.003919982457081467 -0.003979646761212022 0.9999843979528841 35.960258362161156
0.9999331218216775 0.011168209485788168 -0.0030038276975868318 -0.2871798191467384 -0.011151260514198175 0.9999221347694491 0.005601230851637439 -0.689689152750526 0.0030661495233799594 -0.005567359786326159 0.9999798014120636 37.29789820575913
0.9999246017033118 0.012129013471737433 -0.0019177957862010887 -0.2933463941155169 -0.012117032023786606 0.999907732558163 0.006140350586866566 -0.7130924591973224 0.001992095231079214 -0.006116649621934758 0.9999793088629353 38.61937466964632
0.9999254852425882 0.012171024436643498 -0.0009434651762918636 -0.2967244136052595 -0.01216538726760506 0.9999093705462573 0.005766632155627568 -0.7349086919171358 0.0010135654914415787 -0.005754724837188311 0.9999829277677912 39.90146990693473
0.9999358707338546 0.011322996072431063 -0.00021018961201770946 -0.2975046055775591 -0.01132204923121682 0.999927653987277 0.004061772114158751 -0.7561206639766086 0.00025616583533308535 -0.004059131858558661 0.9999917288796042 41.128816959818764
0.9999319094060916 0.011652202576330989 0.0006346074451953089 -0.2987797460044737 -0.01165361457915103 0.9999295206238665 0.002268711565287803 -0.777822710042314 -0.0006081272317124907 -0.0022759525579452793 0.9999972251067623 42.33789460235714
0.9999245440711558 0.012129237200350642 0.0019462191630241377 -0.29887784590045197 -0.012134594091677697 0.9999225511045423 0.0027646733650868354 -0.7999231627570038 -0.001912535051473019 -0.002788081333646861 0.9999942843897431 43.52821064749614
0.9999124063583053 0.012832842783634755 0.0032400242030333967 -0.2979033314242081 -0.012843075196218726 0.9999125395366371 0.0031573243260093033 -0.8209625783895333 -0.003199223382322672 -0.003198659638950698 0.9999897667207727 44.71050612081207
0.9998931529415164 0.014036683046251257 0.004080959413444822 -0.2965874842877808 -0.014045103031755065 0.9998992776881959 0.002041949914471704 -0.84215949068967 -0.004051886166032564 -0.002099049233560012 0.9999895880512024 45.891294192873424
0.9998611686691098 0.01581121222284073 0.005258227428307755 -0.2948804242759094 -0.015822456828192125 0.9998726038352327 0.002103796490417656 -0.8638019535491316 -0.005224293977516253 -0.002186702494028181 0.9999839624137178 47.08384868513756
0.9998214004099425 0.017557910589172648 0.006991928063550724 -0.29152607419258225 -0.01758349516795446 0.999838864517463 0.0036146504824485564 -0.8846167901593861 -0.0069273357058663955 -0.003736947440674314 0.9999690231421395 48.24645874033346
0.9997608083118832 0.019488127238363535 0.00992668425572772 -0.28541282417835434 -0.019531091295537283 0.9998002181653143 0.00424973286179892 -0.904189726221911 -0.009841881749794968 -0.004442595337482246 0.9999416986556223 49.40507750465961
0.9996723164290948 0.021816667488311584 0.013390025578528222 -0.2754517365045801 -0.02187441061307078 0.9997519831805591 0.004181182472801181 -0.9239674051122012 -0.013295485159254938 -0.004472711285622129 0.9999016076235383 50.57210773777619
0.9995490407749249 0.0238481965213618 0.018247701460939326 -0.26038593942622607 -0.023939945937985648 0.9997017491349157 0.004826154274116202 -0.9425831814973714 -0.018127163992621258 -0.005260826861792037 0.9998218489442586 51.72826773109054
0.9992853719807206 0.02579759468941876 0.027626607710585886 -0.23574022657864985 -0.025968479661091264 0.9996456762893716 0.005844650550504459 -0.9605292891227148 -0.027466041022426575 -0.006557894799895462 0.9996012257927402 52.83282579947288
0.9986672713740878 0.027360960781392482 0.04376138607670569 -0.19515839724370854 -0.027691679076937727 0.9995922193138052 0.00696893085076573 -0.9766942932116509 -0.043552864384966423 -0.00817146941632701 0.9990177050940807 53.85341500859812
0.9975971226711668 0.026486568558212166 0.06401907937654992 -0.12867104556750375 -0.026946340451211654 0.9996168463569486 0.006328918997508789 -0.9931279189780177 -0.06382691888613505 -0.008038791289787305 0.997928605793071 54.86386559288545
0.9961051012482377 0.02638692400052191 0.0841329751585532 -0.04064428055115768 -0.02683263116508688 0.9996312379107579 0.004171102703729969 -1.0104125947458142 -0.08399188753681781 -0.00641236577226661 0.9964458060492831 55.9034465051393
0.9942116532528743 0.02463660581423563 0.10457641316349492 0.06802231794680857 -0.025129935852555758 0.9996784038888562 0.003402223137428783 -1.028535378052702 -0.10445896256537517 -0.006010528444687241 0.9945110349752696 56.90734402258942
0.9917520949187537 0.020788296906226432 0.12647382707897914 0.20465455821363393 -0.02161046534119957 0.9997532950641549 0.005131938824992106 -1.048494152311579 -0.12633594109358487 -0.007822769337339946 0.9919566695515958 57.932901532261305
0.9887277287830069 0.01627925342240447 0.148837039219433 0.37497012237534166 -0.01739002518426107 0.9998297780037568 0.006164579551810908 -1.068933744607182 -0.1487113491287355 -0.008683370599540951 0.9888425222022679 59.0243879292545
0.9852867660821573 0.011857858060301468 0.17049744803247494 0.5752037291685814 -0.012928260246053801 0.9999030650400508 0.005169198247645919 -1.0892405193157049 -0.17041962525007218 -0.007297378004112468 0.985344558823912 60.144994083590475
0.9815757018360314 0.00711091763833731 0.19094129049381642 0.8012041390665191 -0.007778056942107913 0.9999659836562577 0.0027446968101882485 -1.1101316077257057 -0.19091527805628472 -0.004179279927848119 0.9815976213418491 61.27378565089824
0.977229598235614 0.00391169726464411 0.21214855869595464 1.0496145212109798 -0.004664530079971347 0.9999844750669195 0.0030482428170973863 -1.1344462294832554 -0.21213334130068792 -0.003968406436936522 0.9772326730410507 62.40466466210178
0.9715930518830965 0.0015565402220423439 0.2366527386594707 1.3100000491297707 -0.0028403891576518907 0.9999830414342233 0.005084194468576959 -1.1577006603307378 -0.2366408116152487 -0.005611953893108832 0.9715809962383873 63.46202471930704
0.964475130571088 -0.002349974769918847 0.2641632073708667 1.5792352630607644 0.0003276963099209537 0.9999703068898752 0.0076992177328660686 -1.1780262504302705 -0.26417345651107943 -0.00733913871992892 0.964447262382883 64.4110371108725
0.9569782087791832 -0.00579807925226368 0.2901018617637101 1.8730288576684246 0.003846203592497959 0.9999659727416036 0.007297950182403343 -1.1960292410987106 -0.29013430448623495 -0.005868188470410135 0.956967946027642 65.34608015006425
0.9484595453020743 -0.005977540022726533 0.3168418532022865 2.1827600266557203 0.005021454349697177 0.999980042487662 0.0038340086839894734 -1.2139322583251773 -0.31685844776744776 -0.002045395231172127 0.9484706323533435 66.25280257529134
0.9386932131805114 -0.00823854743827295 0.3446551578969251 2.514977348931856 0.009457212029189109 0.999953559406804 -0.0018547696081694252 -1.2312542194985272 -0.34462387129954003 0.005000536548386976 0.9387275334007976 67.118867867553
0.9296217304152522 -0.009950649805449178 0.3683808123507545 2.8406367794065055 0.012684426723628298 0.9999070471204257 -0.005000243754538452 -1.249157100877097 -0.36829681461892294 0.009321034672245888 0.929661537686804 67.90820445730482
0.9198071713169789 -0.01117063502277906 0.39221165779084965 3.129581355380786 0.01302578967761822 0.9999130198931561 -0.0020691668431268274 -1.2673499545557094 -0.39215442927134336 0.007012101064452932 0.9198726727333129 68.55864200957672
0.9082355315499506 -0.01067169191138224 0.41832324131217996 3.4002821092278026 0.010199555849052997 0.9999423227049568 0.0033645689025221313 -1.281812016880405 -0.4183350192019092 0.0012108902371018209 0.9082919934988815 69.12499170421911
0.8976263238530043 -0.010190757050994028 0.44063945714934544 3.654681353263666 0.0076021353943397 0.9999419206997934 0.007639552647599298 -1.2960877285591756 -0.4406917179430403 -0.0035076627456083784 0.8976516618591394 69.62092559157226
0.8856452016627842 -0.005940347841149895 0.4643245514068939 3.93202628289764 0.005398954899382042 0.999982311928789 0.002495418912723889 -1.3098463070554154 -0.464331162057514 0.00029681152552913504 0.8856616079774694 70.13123642488223
0.8693515804617987 -0.0003117500127688676 0.49419402299147924 4.304151283999931 0.003833327453320561 0.9999739710540808 -0.006112512983143159 -1.3278192038716072 -0.4941792540659801 0.007208330338088922 0.8693301471964078 70.7670510906092
0.8517168927620739 0.0028138322329109627 0.5239946726178458 4.746103176781042 0.002978268610167886 0.9999434348946296 -0.01021062814995304 -1.3516606404089717 -0.5239937637985816 0.010257161366379873 0.8516603349580746 71.47111914531718
0.8338021772971658 0.0003117054108720803 0.552063249976163 5.1617495171033285 0.00470054900500089 0.9999595830428724 -0.007664014599291451 -1.3744116530003319 -0.5520433261742758 0.008985272420099466 0.833767012363753 72.07285919375121
0.8162970704559483 0.0007375200841003089 0.5776318454077498 5.5190955675445865 0.003603464255456451 0.9999732244174225 -0.0063691046140214045 -1.3925450739532135 -0.5776210763211436 0.00728055714559329 0.8162725559990689 72.55498772205908
0.8012673192423402 0.0006277906459758375 0.5983061833151145 5.881564989183161 0.006109698209294863 0.9999387237723383 -0.009231483539533661 -1.4094235866575717 -0.598275316808228 0.0110523562851623 0.8012143849922817 73.01355147596958
0.7842993578527971 0.0021506148946010125 0.6203788295285927 6.2511776563700145 0.006701033238844423 0.9999062867844711 -0.011937914492290789 -1.4285847533279565 -0.6203463656903481 0.01352007782775173 0.7842114472961416 73.46050207256486
0.7627667821181645 0.005106547156363928 0.6466535078952574 6.644596048103772 0.004185190301144461 0.9999088969493302 -0.012832847841350963 -1.4504430858193496 -0.6466601273306132 0.01249483804280355 0.7626759198657315 73.9055631916323
0.741677730690846 0.006136461805186545 0.6707283262497508 7.08320423433738 0.0043434800805648354 0.9998932474753468 -0.013950907999025448 -1.4727303127775149 -0.6707423335216498 0.013260372910330316 0.7415719011209982 74.36972923104747
0.7239167428308105 0.011550468740620528 0.6897906465885888 7.630185376993428 0.0033833891239805286 0.9997883688263118 -0.020292122551893426 -1.5018279324181403 -0.6898790489116676 0.017023637434381615 0.7237244597505575 74.93556839826684
0.7072337126368243 0.01921148056540327 0.7067187522094066 8.340619746293097 0.0033625573332944896 0.9995280045266088 -0.030536230534215093 -1.5439193336464874 -0.7069718303568506 0.023972634013465315 0.7068353018209701 75.64814973649544
0.6864827168305426 0.02594130423891485 0.7266832378879697 9.037119102831051 0.0034898031792508556 0.9992343789695086 -0.03896764246389937 -1.5920157183387111 -0.7271377453871649 0.02928659454098852 0.6858666011794599 76.30649331639775
0.6628625413129389 0.03116123825603702 0.7480923930601784 9.684893161085048 0.002131751159038498 0.9990509952177605 -0.043503615842836935 -1.640151794935413 -0.748738076339884 0.030431664179858573 0.6621670535854949 76.87727183996658
0.6395606848038745 0.03351900369653251 0.7680095096054425 10.363506894597142 -0.0023133725314045043 0.9991283543161723 -0.04167949026788434 -1.6934173883463837 -0.7687371324196142 0.024879871234625803 0.6390807564358498 77.44629291409052
0.6165690292698995 0.034509300611418714 0.7865441756929396 11.077748437180865 -0.007109515960757912 0.9992422120865359 -0.038268216148816224 -1.7454821293302243 -0.7872687513981352 0.018003048511836133 0.616347145135193 78.0109963497407
0.5927440348088094 0.03684543551494647 0.8045476512179303 11.771629804897447 -0.011357843676578468 0.9992360644066562 -0.03739367561657609 -1.7923457565354475 -0.8053108148942202 0.013026951708409432 0.5927097012396499 78.52593839328547
0.5635950416082444 0.04110544348055933 0.8250278610997748 12.411673799204808 -0.01776227277977536 0.999133260538693 -0.03764610671795188 -1.8346877484264583 -0.8258602368078389 0.006562789162323638 0.5638366776453198 78.96674998538028
0.529313391345113 0.04523204264225809 0.847219803865057 13.037727085848969 -0.023942619067970825 0.9989765069960774 -0.038375636308529096 -1.8757379982958837 -0.8480884887409467 2.807716871214257e-05 0.5298546163588375 79.3568624382251
0.4947302536621183 0.045521019351286635 0.8678535665125989 13.72674550983199 -0.026859534410291885 0.9989510541871578 -0.03708580253455054 -1.921452578575816 -0.8686314186826772 -0.004962674237658294 0.4954339818197092 79.74488078480796
0.46089935912650976 0.045891207951824185 0.8862650719674656 14.533161164041786 -0.028268129962226392 0.9989144976866537 -0.03702349443072681 -1.9751714498114523 -0.8870020820636291 -0.007988951379612374 0.46169631043646264 80.16326898550066
0.427433187904962 0.04539125023750836 0.902906697438489 15.44666772987566 -0.0262309068714254 0.9989409326606263 -0.03780148912177287 -2.036406606737144 -0.9036663152968055 -0.00752645049122118 0.42817116103364405 80.59320542309247
0.39488221083402664 0.04467316498877604 0.9176450010198489 16.377141969317258 -0.02380531048367421 0.9989792834229585 -0.038388780711700696 -2.0999643757640065 -0.918423293889919 -0.006685777564410056 0.39554260657829476 80.99055186711149
0.3646232405467697 0.042047150951960675 0.9302053158039879 17.324755019964172 -0.01626107654658714 0.9991151437777045 -0.03878797318249064 -2.164703435633846 -0.9310131416058097 -0.0009831433682900065 0.36498433334377317 81.34920006436391
0.33635253280935684 0.04466213848073874 0.9406764943693764 18.334451746369687 -0.012439190572338886 0.9989983464091481 -0.04298337364255733 -2.231917569883412 -0.941653991766953 0.002756312412984731 0.33657118493900545 81.70716460721273
0.3072255325073083 0.049971211160562905 0.9503238133556102 19.375901315938542 -0.010160662545688426 0.9987356824349088 -0.04923207864708117 -2.304146711479218 -0.9515824888638055 0.005469432002153004 0.3073448424837158 82.04373446516813
0.2791770486130091 0.052410281873008994 0.9588082904740249 20.437045782777187 -0.00240843945663698 0.9985444556232139 -0.053881068693236805 -2.381451938327335 -0.9602366244562397 0.012733126015764309 0.2788969210205684 82.34281420046432
0.25588397352792147 0.05130509262178695 0.9653451090478641 21.58871575772575 -0.00023370064838616942 0.9985939425986142 -0.05301021778265917 -2.4692801129401465 -0.9667074725456347 0.013338863385906355 0.255536176006457 82.64854701784716
0.23614166475768839 0.04747381027049479 0.9705582679591522 22.71784091615153 0.0007545730067608447 0.9987965966711876 -0.04903864901925151 -2.5555908130154608 -0.9717183464281436 0.012312425287364516 0.23582166863648868 82.9258299880746
0.21864990378897148 0.04480114290798482 0.9747743724407268 23.699855941976324 0.0024736073649558065 0.9989168283204952 -0.04646559334313112 -2.628733070743324 -0.9758002361342603 0.012570906580812596 0.21830224796840442 83.14431192835586
0.20500162062374658 0.04775996328493567 0.9775956840374553 24.629011403448455 0.005062134567447158 0.9987436543467794 -0.049854665736166884 -2.6967327384035578 -0.978748542954348 0.015169008176722473 0.20450230036768732 83.33661262714884
0.19498591842910426 0.053032738092751865 0.9793712372255707 25.551897031355214 0.008719264678282606 0.9984039326343609 -0.055799298595192615 -2.766684026576439 -0.9807672843431458 0.01941947451995025 0.19421230128789493 83.51559940528672
0.18839862585335915 0.05684612996867448 0.9804460593444965 26.514642226403158 0.012998835562621654 0.9980916055380634 -0.06036702103359174 -2.8423881232418893 -0.9820066130381111 0.024117720913028932 0.18730015346330917 83.69491820604267
0.18367911580414129 0.05968760283338149 0.9811724478833549 27.558853438065967 0.019541566198741502 0.9977358167607941 -0.06435345478818129 -2.927842344639037 -0.9827919971224377 0.03099403201712865 0.18209684338673196 83.88060779445107
0.1788112559251584 0.06369791641069696 0.981819285917426 28.66026119945986 0.02294711826053063 0.9973606337753194 -0.06888538276610787 -3.0208340199314425 -0.9836157606087881 0.03484740507170982 0.17687762391485048 84.07784963401416
0.17553043520666584 0.06823302444128522 0.9821065729806283 29.764980000037145 0.02476005767241216 0.9969736893690334 -0.07369126305037332 -3.12254558890332 -0.9841625911708984 0.03725207486161623 0.17330977196421174 84.27244897265318
0.1754598706583919 0.07163165666935574 0.9818771509467692 30.86410254985886 0.025984292364158102 0.9966650389774275 -0.07735384043768599 -3.2273938488993807 -0.984143612659694 0.0390858777940136 0.17301342091929442 84.46649704084957
0.17501729572196545 0.07489791389547192 0.9817124063045536 31.946845622685874 0.025247032105719464 0.9964330377386695 -0.08052197633405452 -3.3336385311729337 -0.9842416032499449 0.03887806318472839 0.1725020655962741 84.65990158046438
0.1729849333293648 0.07725491111299003 0.9818899589821457 32.99538941115433 0.025473763181379377 0.9962346202918126 -0.0828713986934516 -3.437671957492182 -0.9845949929947916 0.0393479356631833 0.17036560606129283 84.84222643445307
0.16991293366501575 0.08013224467922207 0.9821957128475046 34.01223012796949 0.02709472587391707 0.9959318125979664 -0.0859400982379501 -3.537337265969744 -0.9850865296019252 0.04121465780520933 0.1670505348055914 85.01384144139375
0.16715100350157455 0.08062955763948293 0.9826288294484744 35.05808644181819 0.02942293834114275 0.9957985549840351 -0.08671521545313465 -3.641801992853092 -0.9854921779130416 0.0434063627429383 0.1640763692480986 85.18674948716868
0.16564631012169626 0.07944147885175964 0.9829803412993127 36.057115598591665 0.029001883408192514 0.9959267043236336 -0.08537499852911244 -3.7461424670844785 -0.9857586878652627 0.042650334733900536 0.16266763121543779 85.35266723988623
0.16606123799951547 0.07823215322290497 0.98300732216814 37.07305591153929 0.029063386583108603 0.9960267959792911 -0.08417803307010034 -3.849867411373239 -0.9856870623044562 0.04254823020218391 0.16312775150866504 85.52234268244834
0.16774492686215417 0.07979773239503658 0.9825955227949198 38.16852569612182 0.02883154458528954 0.9958951415006966 -0.08579982035025796 -3.9632728559287136 -0.9854087383156479 0.04272223121420746 0.16475566579405593 85.7077586621852
0.16862212391058073 0.0827453734897144 0.9822014979086183 39.22845079014329 0.02645825591145433 0.9957311600748923 -0.0884274705622402 -4.075507600644986 -0.9853256010182669 0.04089816648652515 0.16571300478849443 85.89186443743029
0.16747700997115975 0.08512841738181685 0.9821937709460333 40.2493230671654 0.024900965274511234 0.9955819420834461 -0.09053473656975168 -4.184466538992662 -0.9855614608229759 0.03962005996239689 0.16461730707631653 86.06654809748466
0.1648022347008907 0.0891869859671277 0.9822860606624189 41.233850733257974 0.022925638981357032 0.9952879831065612 -0.09421382998781441 -4.289872504627006 -0.9860601596834186 0.03804618532488746 0.1619810151447853 86.23296172819369
0.16150937851328065 0.09388996936606468 0.982394724285862 42.19824149593104 0.020079896440907182 0.9949452620562945 -0.09839066658305097 -4.394214252908537 -0.9866668730687054 0.03561739973908951 0.1588076900677341 86.39395880247778
0.15870208447194947 0.0967292947563224 0.9825767613373545 43.19129445124424 0.01888409259602846 0.9947098467276186 -0.10097381774472787 -4.504503551233296 -0.9871459058472987 0.03457982589697926 0.15603588116151887 86.5538275326379
0.15579207933043768 0.09617268026677381 0.9830969655065593 44.198040827529915 0.015777592699284873 0.9948798464364147 -0.09982564161213632 -4.618382846838829 -0.9876638575884585 0.031062947782915063 0.15347702658222723 86.71649001369086
0.153187939881799 0.09307801127491636 0.9838038111797892 45.18715754133301 0.01301175586808471 0.995277974511811 -0.0961896442497813 -4.730177060008083 -0.98811140530003 0.027536108453749743 0.15125347416579732 86.87328595402585
0.1507846393233921 0.09088369752845922 0.9843800821164921 46.15135321654548 0.01314147052389032 0.9954927603312878 -0.09392265903639252 -4.836360864353108 -0.9884792836962164 0.027098296100534883 0.1489106713834282 87.01928369367317
0.14796472776609126 0.09041244549331477 0.9848512725467873 47.076118441041956 0.01232634168338684 0.9955666023786373 -0.09324806447837973 -4.93728255964385 -0.9889158208046888 0.02593703776798831 0.1461942865983857 87.15780732902067
0.14546163661012038 0.09252379110299058 0.9850280505420322 48.00377277510525 0.01418756756523965 0.9953200985299226 -0.09558563903102694 -5.037146593157039 -0.9892621620183838 0.027879195510598653 0.14346820294544244 87.28947206564096
0.14379171196696988 0.09467329039116833 0.9850689882724553 49.008817206458616 0.015240695623469476 0.9950834390222445 -0.09786046484959372 -5.147352603501162 -0.9894906087308363 0.029084660392985958 0.1416418644444637 87.43184663288574
0.1429088442359897 0.09576157188041165 0.9850922716122219 50.09611042858832 0.014311749363691475 0.9950042547274303 -0.09880135072186359 -5.268799675771075 -0.9896323742023018 0.028217980532039683 0.1408243924375632 87.58794545390755
0.14212754881278222 0.09529797541351354 0.985250250317429 51.25671045855728 0.010862970836616841 0.9951446342033913 -0.09782204700784002 -5.399918713583315 -0.9897887429815884 0.02460595249704063 0.14040224844581464 87.75856480090647
0.1416705321493329 0.09579678437383542 0.9852676978487415 52.38932758775972 0.007564038327956117 0.9951726782165031 -0.09784746218256543 -5.527315709731572 -0.9898849658645686 0.021314704666690637 0.14026203235470963 87.92448783074725
0.14170488457701214 0.0977995550200771 0.9850659737930713 53.43641458996646 0.003853930640256097 0.9950456103582933 -0.09934475590243523 -5.643404943206928 -0.9899014460569475 0.017874013107560763 0.14062591066298874 88.07948599559573
0.14204079914666895 0.09947370938967673 0.9848499340092558 54.471790163944995 0.0004842964822668129 0.994930700601242 -0.10056175444990145 -5.758025539712558 -0.9898606855687792 0.01476083132425639 0.14127257704141963 88.2334442961313
0.14276090676431843 0.10019914390927548 0.9846722576876427 55.47896342542674 -0.0023504251903819226 0.9948939462529345 -0.10089851936817788 -5.870391298321537 -0.989754413479048 0.012089965637438863 0.14226747249329852 88.38270335906408
0.14323655684760667 0.0952142183012858 0.9850977319107576 56.39117378320638 -0.0031468188929178174 0.9954002046865469 -0.09575244143539456 -5.969543946447003 -0.9896834778419299 0.010615325866810682 0.14287731990572825 88.51604895349233
0.14305601374698657 0.08647696885628672 0.9859293639953384 57.227265437725926 -0.0016409609545047475 0.9961947883861004 -0.08713926118301529 -6.055854247983115 -0.9897132333044599 0.010847923755483563 0.14265356067139487 88.63523663802334
0.1435203314389784 0.07972921497953514 0.9864305179496398 58.00027711701426 0.0019454624285026396 0.9967248423690718 -0.08084431816950234 -6.133715615016061 -0.9896454565346045 0.013521866849644544 0.14289516953807543 88.74260870629595
0.1440774877996485 0.08017605729668013 0.9863130726831634 58.801678060024 0.009322579998977284 0.9965581572044784 -0.08237067931843385 -6.213671746018627 -0.9895224944444189 0.02106274306867621 0.14283414802811698 88.84790565353791
0.1439999389494183 0.08494572936121299 0.9859250684742008 59.61312834731337 0.013678449345693773 0.9960428590904212 -0.08781527702217236 -6.296233219513581 -0.9894831568076649 0.026131320637792985 0.14226818504382374 88.9577882904175
0.14567326854965323 0.08950452108249697 0.9852757175206619 60.413104731078555 0.017713676442212757 0.9955036094022929 -0.09305261594340944 -6.378206333851068 -0.9891741628737386 0.03100813397810193 0.14343281050803816 89.06696005028239
0.1511024938088257 0.09253968887615054 0.9841770381122801 61.26958720281695 0.020113381662310224 0.995114585374337 -0.09665616303873951 -6.4674617805610675 -0.9883134564716095 0.034400115667980194 0.1485030093943199 89.19125017780475
0.1566388333935063 0.09209672245530841 0.9833526679610487 62.20623420436931 0.016752958283077758 0.995251934189314 -0.09587974698130171 -6.567128769382511 -0.9875138552252757 0.03149255793712021 0.1543522093547423 89.34377525846081
0.16035417012057573 0.08783306068713148 0.9831438824380049 63.10847243725063 0.014415542192686856 0.995718383876194 -0.09130767850665758 -6.664646500301419 -0.9869542706064108 0.028814119131338328 0.15840143392801917 89.49235533702613
0.1623395439778175 0.08591987956777024 0.9829871040640034 63.95458961263467 0.011926082591002243 0.9959581489843954 -0.08902322183348374 -6.752745414920807 -0.986662881137781 0.02617517462484116 0.16065870414718317 89.63521993821998
0.16273888974693804 0.08790091569640815 0.9827458892224726 64.78034643060282 0.009499715531578086 0.995837954677704 -0.09064504083594588 -6.838452777830593 -0.9866234383840438 0.024087279694148842 0.16122652941802945 89.77450344869173
0.16550515540639799 0.09223049300577112 0.9818867448406754 65.59427409837382 0.01120316208684823 0.9953773084559207 -0.095386073251321 -6.922247088373891 -0.9861452898499081 0.026787123230443726 0.16370680296150517 89.90690716511236
0.16844826627988185 0.0960699880850105 0.9810177057406503 66.42110990740518 0.011503868535717308 0.9949797984635468 -0.09941258299710526 -7.007782244439631 -0.9856433648110325 0.028031375970318594 0.16649744552153228 90.04748433650519
0.1687949468755361 0.09560864915310133 0.9810031865984966 67.27746958042252 0.009756704258363818 0.9950734969784165 -0.09865871645811641 -7.100218369523249 -0.985602898043273 0.026224450771510283 0.16703055274539677 90.19538572721643
0.1696622748397872 0.08764576354028822 0.9815971335683642 68.2605701174529 0.01088063815576381 0.9958101197134147 -0.0907954689931215 -7.20770893793501 -0.9854421972949556 0.02608496903961061 0.16799776838009076 90.36160814871172
0.17038815949860334 0.08654621885522623 0.9815689619708553 69.33781083889156 0.010956472854016897 0.9959074487558112 -0.08971236935502987 -7.323219298796428 -0.9853161070465031 0.02604045918484159 0.1687425959269467 90.54670661542981
0.17038425864269352 0.09038504529330103 0.981223597348794 70.41031928863536 0.009264738191410637 0.9955932970107416 -0.09331747732085598 -7.439032565392045 -0.9853341408035258 0.024990608928391046 0.16879603203974852 90.73330162058016
0.17017132322034287 0.09407649498659995 0.980913520064065 71.46687271971484 0.009435647446518362 0.995231211425657 -0.09708658177877731 -7.553392643383182 -0.9853693162011393 0.02577690623908232 0.16847213951879067 90.9139903291204
0.16964028918156038 0.09417407162651348 0.9809961348138335 72.50985416521242 0.008934396784414711 0.9952358883852404 -0.09708605988576434 -7.6682517565527535 -0.9854655492915482 0.02523431598692326 0.16799071538682375 91.09271873110966
0.1687835651433387 0.09109278166784626 0.9814347728023084 73.55777293587813 0.008503260051751328 0.9955486085217412 -0.09386513004795567 -7.7837158253726955 -0.9856164582158692 0.024188286389106528 0.16725765780842997 91.27171741992453
0.1678180364377364 0.08923967631145711 0.981770536743698 74.63887184876336 0.009860786400756723 0.9956925441703249 -0.09219068486124926 -7.901488094147437 -0.9857686703977451 0.025152289268650825 0.1662151942717777 91.45230889273365
0.16719747469490423 0.08957299904303426 0.9818460583503321 75.69597169038599 0.01112307997143935 0.9956296626460662 -0.09272460272889561 -8.015914439442811 -0.9858606805972095 0.02642447164503275 0.16547043769412392 91.62778491533666
0.16713331383624064 0.08941355152652969 0.9818715151227935 76.66570768399035 0.013555820957224397 0.9955767133829322 -0.09296906737091098 -8.119743501654767 -0.9858411104860104 0.028848302775968216 0.16518196119023895 91.7861539796903
0.16726204026738184 0.08910106003362472 0.9818780020890974 77.61555867554098 0.013872554538331874 0.9955965889643426 -0.09270913802397777 -8.221429176800973 -0.9858148721317666 0.029127875711290094 0.1652894574386818 91.94514765153711
0.1677306377099174 0.08958842467406351 0.9817537101217618 78.60049891009216 0.014863911343901137 0.9955192035743099 -0.0933840428249629 -8.327291474834665 -0.9857208008929215 0.030256065163757066 0.16564743646619257 92.10920213194582
0.1684250307135043 0.08731012491136733 0.9818400842892476 79.62073407873238 0.015868580007740316 0.9957002239435667 -0.09126473693202194 -8.437890874029982 -0.9855867273851097 0.030951674053186023 0.166315353096496 92.27985206395196
0.16904762559320832 0.08769993846968546 0.9816983350671996 80.66058321139646 0.014929127150555253 0.9956912515584894 -0.09152077759947894 -8.55017562550101 -0.9854948104601149 0.030127269413342546 0.16700995836738228 92.45795996747432
0.16962838301532904 0.08681216165658183 0.9816770651615101 81.7179304766291 0.01506114650566168 0.9957679412302659 -0.09066073617599806 -8.665020782525707 -0.9853930046136598 0.03016381618015932 0.16760301504420982 92.63785665788993
0.17005374539759546 0.08824888789075554 0.9814753473533067 82.79597742489189 0.01310629688195038 0.9956913978526851 -0.09179795871482727 -8.782140244437924 -0.9853476283313866 0.028474093984037965 0.16816443534081785 92.82545229666064
0.17062403906712797 0.09101663232208022 0.9811235446839331 83.85939215537321 0.01406740751234132 0.9953981519373832 -0.0947872732254946 -8.897997732598794 -0.9852357815966172 0.029974852132914967 0.16855848510623506 93.00609663682617
0.1706834098271904 0.09140370683544798 0.9810772324269389 84.91699076988907 0.012797701383819799 0.9953983987723488 -0.09496444893082429 -9.014779380405878 -0.9852428088796437 0.028764389410937456 0.1687282354935353 93.18974755117786
0.17032183272181847 0.09067119358632227 0.981208035001707 85.98378307584547 0.00923675480736135 0.9955669025710384 -0.09360141487038046 -9.133725998549687 -0.985345196192129 0.02500554256040203 0.1687292718598354 93.37881329980581
0.16973287140416138 0.092583515076414 0.9811315126429241 87.03576255259162 0.006398209289017288 0.9954527213462323 -0.09504179334521376 -9.249988269081179 -0.9854693375660086 0.022409201245823546 0.16836868003501046 93.5639017588156
0.1687613388006682 0.09321790334782828 0.9812390295038409 88.0492757502823 0.004768250643918553 0.9954289372919795 -0.0953860293101534 -9.361872823153446 -0.985645410029387 0.020776267643530934 0.16754543381065753 93.73967675628643
0.1672844815081741 0.09117967001466405 0.981683334901106 89.08631529390001 0.0010628903016658543 0.9956970174286448 -0.09266239662294651 -9.47731374754909 -0.9859080953672831 0.016544402670347735 0.16646774531281822 93.92184352523654
0.16620777984136778 0.09045864321718065 0.9819328937292553 90.19355264056891 -0.0010032268357740347 0.9957984885057923 -0.0915661718403466 -9.599491198320171 -0.9860902430589783 0.014233908700238707 0.1656002064823404 94.11269309535135
0.16474119962416425 0.09041446221479336 0.9821840775378103 91.33410297548411 -0.003514888276264539 0.9958372162822793 -0.09108174475473353 -9.725561977649484 -0.9863305646216141 0.01155264859548536 0.16437321437397423 94.30847540204384
0.163288814692958 0.09072341731628501 0.9823980988105702 92.48803639693449 -0.0035699646326976197 0.9958107348578915 -0.09136868005125054 -9.852381991529473 -0.9865718515894751 0.011412356997645678 0.16292863394464485 94.50089933495097
0.16089552136439025 0.08948709788749963 0.9829062470635502 93.64358861659883 -0.0042101500404620315 0.9959343085192067 -0.08998404164632029 -9.979864890779805 -0.9869624642515606 0.0103398465193147 0.16061812392267283 94.69214536605509
0.15752364938066848 0.08582071099335595 0.9837789921778112 94.83158243593874 -0.00694815607858279 0.9962882029495105 -0.08579941602798404 -10.11063206620631 -0.9874907711026464 0.006679987142975943 0.15753524925827142 94.88849205047548
0.15383030299956002 0.08561136246299673 0.9843814974369908 96.03184990901293 -0.008877955782137379 0.9963189950347477 -0.08526219580846772 -10.240086480729637 -0.9880573970069703 0.004376614008624611 0.15402410678080702 95.08164585015994
0.14820120778331075 0.09235612736748941 0.984635337446939 97.14082630810515 -0.012267668854230952 0.9957249267518969 -0.09154984732818111 -10.358811367225545 -0.9888811386169959 0.0014886176844411464 0.14870063115178292 95.25626909555749
0.14028030193784666 0.0970553025649278 0.9853434452678196 98.19685356975518 -0.010253018066688662 0.9952730292272962 -0.09657366573371146 -10.472707723625195 -0.9900587419485504 0.0034446388421455034 0.14061231082126616 95.40593794459869
0.1310842230571396 0.09204845602510506 0.987088652659375 99.29293808616288 -0.008238123651058521 0.9957469040433435 -0.09176184613883591 -10.596192345552268 -0.9913370061609784 0.0038967719322333927 0.1312850158406973 95.55004038487814
0.12216837392991615 0.08800211064217738 0.9886002816780106 100.39035890811785 -0.005808164689711604 0.9961077239592043 -0.08795264346085407 -10.716601963175652 -0.9924923947488229 0.005003078186169036 0.12220399164677741 95.68390156351552
0.11144624398423576 0.0891904300115399 0.9897599718599266 101.4615938814557 -0.0031924563321438877 0.9959913606934296 -0.08939249211549839 -10.831667379222743 -0.9937653359442407 0.006802691997195909 0.11128423274308756 95.8025482819166
