1.0 0.0 0.0 0.0 0.0 1.0 0.0 0.0 0.0 0.0 1.0 0.0
0.999999745546445 0.0006151413034946759 -0.000361259217736263 -0.0018329833038217003 -0.0006167509336340097 0.9999898079944168 -0.004472530108962892 -0.021011547332657615 0.0003585042977791522 0.004472751777871527 0.9999899329324282 1.0487463515863222
0.9999981485211957 -0.0014522610845755471 -0.0012624943259896093 -0.0005882238312952183 0.001445144415431701 0.9999831648718549 -0.005619744699509885 -0.04201206106789129 0.0012706344082681965 0.0056179098080469695 0.9999834121512163 2.0690393134992817
0.9999932512135118 -0.0027322670948541554 -0.0024560626933164066 -0.0017875135916531214 0.002729570050446889 0.999995668834876 -0.0011007991775407375 -0.06507586711550084 0.0024590597330741634 0.0010940877533124256 0.9999963779920494 3.122623880358034
0.9999804612169647 -0.004730025581818826 -0.004087057902993037 -0.003887981659733114 0.004751033434197659 0.9999754741017735 0.005145762940621727 -0.0864761210256767 0.004062618073879745 -0.005165080147420699 0.999978408307628 4.204252859714788
0.9999554350280341 -0.0074105249137718125 -0.0058491091969885296 -0.006551928577136993 0.0074418084087805704 0.9999580248803214 0.005344900846077413 -0.10360443437562461 0.0058092551590484725 -0.005388190600727069 0.999968609485592 5.234737490440584
0.999924564080137 -0.00945677029855448 -0.007838089350691272 -0.011551212219322116 0.009480978306665458 0.9999503812814062 0.0030571270042169998 -0.1197678629949449 0.007808789886889074 -0.0031312091421289057 0.9999646085386281 6.217408876037197
0.9999058825664522 -0.009368295216510778 -0.010023026176826301 -0.02178291525051239 0.009363926138444029 0.9999560409560858 -0.00048274496909909157 -0.13574729390454449 0.010027108071563243 0.00038884465757804996 0.9999496516843006 7.179842178373568
0.9998650926951879 -0.010821039120454642 -0.012357245728621952 -0.03157733473508915 0.010805622568261314 0.999940754654792 -0.001313659513546327 -0.15253288692244762 0.012370728780319981 0.0011799545579551662 0.9999227834071416 8.1366853268988
0.9998379376383201 -0.010420338566225934 -0.01468042926199549 -0.046697654412254486 0.010429282353110964 0.9999454716078713 0.0005328043835855043 -0.16931176845392437 0.014674076759725542 -0.0006858243778870093 0.9998920947363135 9.088013748112312
0.9998086213652199 -0.01008137661942404 -0.016765634173419208 -0.06419239453754412 0.010143662421447344 0.9999419476444363 0.003634206066245597 -0.18567591522870408 0.0167280230887965 -0.0038035754901867727 0.9998528422008072 10.05338483203733
0.9997827099703981 -0.008914715134806227 -0.018843054378561062 -0.085092437497797 0.009014777403360472 0.999945678270874 0.005232045084918086 -0.20100784610054856 0.018795388599760692 -0.005400774154508846 0.9998087642173962 11.00646581615806
0.9997315614947421 -0.009674861403902273 -0.021052363480167858 -0.10413130990057723 0.009805560167777286 0.999933233237656 0.006113923182718548 -0.21534665574457776 0.020991806522591687 -0.006318712187096816 0.9997596800907783 11.912270497167066
0.9996798867780785 -0.010473251908123926 -0.02303117378334148 -0.12504028343420093 0.010624466215732186 0.9999227361207877 0.006453100522155158 -0.22960971647435158 0.022961809358155186 -0.006695728727125391 0.9997139203431217 12.831642277134279
0.9996288103610521 -0.01016975313568371 -0.025274841588181687 -0.14936739125258483 0.010304259735462108 0.9999334033245509 0.005197224940786763 -0.24343860096276876 0.025220303873120995 -0.005455734317234742 0.9996670301833543 13.746814792129205
0.9995580203310217 -0.010897575818434653 -0.02765875689923571 -0.17430500362593257 0.010994158778676292 0.9999339766450648 0.003342278195542684 -0.2564090323511715 0.02762050804526966 -0.0036448857415031883 0.9996118358359173 14.641045901360547
0.9994806731280111 -0.011549555976746213 -0.030083081629348366 -0.20049818080548754 0.01161607596957528 0.9999304555132584 0.0020373797182299358 -0.26976831230669096 0.030057458685775276 -0.0023857690137992576 0.9995453252772312 15.511634889843778
0.9994012369863504 -0.010892593560468455 -0.03284081173904178 -0.2310448467733503 0.010939010906454395 0.9999394057335436 0.001234059008281549 -0.2833827837839284 0.03282537967093778 -0.001592566097180921 0.9994598332012573 16.370510947688658
0.999324312681032 -0.009548030643783418 -0.03549300206249866 -0.2640145400156062 0.00957427625709577 0.9999540033570555 0.0005695650533554292 -0.2964377767829039 0.03548593127897272 -0.0009090000124115799 0.9993697626005309 17.198374820947752
0.999258986385132 -0.008369722523796017 -0.03756894826094286 -0.2954416353029568 0.008385143121204409 0.999964812086303 0.00025291113290672234 -0.3077273560208739 0.03756550949202818 -0.0005677447303950142 0.9992940058674052 17.94438702257275
0.9991929647068131 -0.007770088241588956 -0.0394086920504549 -0.3266877963573793 0.00781925218041445 0.9999688312268183 0.0010935585076609898 -0.31831476180298457 0.03939896668376914 -0.0014008224685929421 0.9992225773673566 18.67304719766151
0.9991172977208076 -0.0076656403045954075 -0.041302098660869285 -0.35961789038344505 0.007777139305818068 0.999966532717775 0.002539596150805219 -0.32949481007556364 0.041281248761265904 -0.0028585666184028956 0.999143476732746 19.427123127818927
0.9990318337927442 -0.00759536489199458 -0.04333249936092272 -0.39428016337706184 0.007758259608680801 0.9999634519178563 0.003592246702167657 -0.34055669786123666 0.04330363121669156 -0.003924953589837524 0.9990542479078733 20.185743725343904
0.9989267236913433 -0.008091248775623838 -0.04560627575815974 -0.4295264563940807 0.008260735630404477 0.9999596521784703 0.0035290596419550214 -0.35134045851742884 0.045575881144777765 -0.0039020133729749567 0.9989532588412301 20.93408154671674
0.9988207937727492 -0.008479302384321485 -0.04780296390654779 -0.46540405836563176 0.008611420282198093 0.9999596478630787 0.0025585320538757264 -0.3618472381701218 0.04777934038785821 -0.002967166429879203 0.9988535080558504 21.659552370835428
0.9987336356777295 -0.008310682597535639 -0.04961912454595961 -0.5021496529411446 0.008471670760287134 0.9999595088177372 0.003035048519949828 -0.37169389097772926 0.04959189208402649 -0.003451561929354854 0.998763601138815 22.35952490437063
0.9986556286512421 -0.008007904372712234 -0.05121336574322712 -0.53854023814733 0.008268777082441935 0.9999538859095124 0.004883992222103221 -0.3808322022075919 0.051171893542773426 -0.005300898227864583 0.9986757921313725 23.026659163523966
0.9985823313575429 -0.008938658927895455 -0.052473115755643604 -0.5716823360677308 0.009361226775343637 0.9999256611416497 0.00781278591122403 -0.38926540119906233 0.052399379135587176 -0.008292922705824895 0.9985917747003528 23.656004828752497
0.9984924869097497 -0.008633100328703626 -0.05420537947010253 -0.6055024284484158 0.009186493120271944 0.9999081161188461 0.009968333050756069 -0.3963485906258982 0.05411434125012031 -0.010451263003777909 0.998480049461526 24.228689037302683
0.9984095938699722 -0.007541708302997152 -0.05586954003989487 -0.6396220451245371 0.008052045152775649 0.9999278413752399 0.008914965592200674 -0.40390733324333944 0.055798274500692 -0.009350651235339895 0.9983982761825166 24.768931451729067
0.9983470934717161 -0.006739405674941184 -0.057075926341365366 -0.6760383982708156 0.0071230307372781845 0.9999533714374745 0.006520535556500545 -0.4110455007850282 0.057029320438632125 -0.006916311298399471 0.9983485469756201 25.34842900447069
0.9982981421921839 -0.005849735448456422 -0.058022408523062084 -0.7119709713067284 0.006141021938842448 0.9999694151532061 0.004843202215609734 -0.4178456111954957 0.0579923024649021 -0.005191276657788869 0.9983035327501762 25.91329246845278
0.9982464865016418 -0.005859161277570602 -0.05890350088280389 -0.747110100154365 0.006140403997139001 0.9999705913539235 0.0045947650685965674 -0.4242042474047541 0.058874847141024325 -0.004948399378293248 0.9982531070413526 26.479548517192622
0.9981290526377613 -0.006352097510108397 -0.06081155431056559 -0.7836938423601066 0.006622407727857356 0.999969063355841 0.004244531437906989 -0.43068192808541167 0.060782711327570835 -0.004639309050218604 0.9981402400540749 27.055525819741668
0.9979761100565747 -0.0058336077513420695 -0.06332181912224884 -0.8203865985376684 0.006056201390586852 0.9999761367526877 0.003323905817884976 -0.4366262057451028 0.06330091769527492 -0.0037006682873499167 0.9979876246092251 27.57696553500161
0.9978253352569862 -0.007274900656514969 -0.06551088565818936 -0.853500086853237 0.007445545562950458 0.9999694941532566 0.0023610620808696197 -0.4418124811196128 0.06549171070106924 -0.0028436918464435704 0.997849061354537 28.07720273687592
0.9976693098646168 -0.007146739017291124 -0.06785920921789095 -0.8908119617310644 0.007394926288906733 0.9999668535326207 0.003406890261151423 -0.4474485900158795 0.0678326117692692 -0.0039007637058172265 0.9976890902596217 28.589895103765766
0.9974874838469903 -0.007912283427965117 -0.07039968280863118 -0.927331745641675 0.008327401025356167 0.999949617652843 0.005605046663141228 -0.4525971972380559 0.0703517871895464 -0.006177210283667056 0.9975031168434257 29.089713705766517
0.9973356235566712 -0.006846583437274537 -0.07262766883263595 -0.9658286033114252 0.007362097964305339 0.9999495554555996 0.006832719642523112 -0.4575344759642121 0.07257722437783473 -0.0073492067181286915 0.9973357186335128 29.560240540278574
0.997180076194384 -0.007480958913056007 -0.0746721560871555 -0.9995082724368785 0.008022903962074513 0.9999435917985987 0.006960332817711685 -0.4617508929650892 0.07461587400130532 -0.007539792746432292 0.9971838460747164 29.99062170002887
0.9970117711356667 -0.004917977518830202 -0.07709307176424263 -1.036105111894832 0.005415873803694585 0.999965798354503 0.0062506345425680085 -0.46523964261313366 0.07705969457417304 -0.0066494825638218095 0.9970043068381252 30.372830792740206
0.9968837276173381 -0.0036977515692135816 -0.07879822488542493 -1.0699812984992205 0.004131759021894159 0.9999771768211956 0.005345503165921913 -0.468219098566589 0.07877666011672882 -0.005654420398614113 0.9968762537801824 30.744695418532565
0.9967774736523879 -0.003461025284254151 -0.08014168280704585 -1.1054701691871176 0.003938591254402524 0.9999754135242873 0.00580171059786873 -0.47129693023480407 0.08011963253843675 -0.0060986597636228075 0.9967665979711572 31.15870692809265
0.9965793895432195 -0.0030004723502401252 -0.08258642444942076 -1.1438857568949565 0.003645009774880731 0.9999640588301073 0.007654733944357208 -0.4745712669049128 0.08256048837916025 -0.007929578405773852 0.9965545080651146 31.582710388749156
0.9963389594523344 2.406476006244649e-05 -0.08549080241948369 -1.1867353919451862 0.0007137580894539266 0.999962765793129 0.008599859111976709 -0.4779441373775953 0.08548782619080687 -0.00862939443086436 0.9963018443849878 31.987399702728393
0.9960616079536285 0.001353642443984388 -0.088653487314185 -1.2284208893500421 -0.0007501797529339986 0.9999763258980614 0.006839946911557709 -0.4810924692052553 0.08866064736494313 -0.006746502467833529 0.9960390425647393 32.3894426427012
0.9956779978992565 0.0027446959554653398 -0.09283205881289752 -1.2708805089819901 -0.002423865929458758 0.9999906949424358 0.0035685995153834607 -0.48333322734820205 0.09284098972590293 -0.0033281635562631595 0.9956753858331839 32.77262396682528
0.995294043170482 0.002589292893485493 -0.0968662128487879 -1.3104662069634179 -0.002431061351668501 0.9999955110983154 0.0017514919136093654 -0.48416657976027566 0.09687031315144673 -0.0015077617619374793 0.995295870123257 33.13533061618093
0.9949918524008282 0.003812534323227463 -0.09988332312254351 -1.3548842834387504 -0.003609118130227215 0.999991029200813 0.0022171567875025645 -0.48503775527172893 0.09989088007566198 -0.0018455622266713243 0.9949966864154766 33.52543397747932
0.9946604629719543 0.007166976684161119 -0.10295240573015065 -1.4033683150990746 -0.006607279523051948 0.9999614874137893 0.005776464879592099 -0.4859418076575286 0.10298984055585832 -0.005065385909246548 0.9946695102434123 33.91007902895515
0.9942415449989929 0.011415325797607897 -0.1065525247704127 -1.451046692375524 -0.010480284322361215 0.9999015409009144 0.009331245602704309 -0.4872799490081087 0.10664855291347093 -0.008160811289938431 0.9942632887321913 34.252483533314134
0.9938597166824256 0.014596168960162732 -0.10968051516844236 -1.4990144728516959 -0.013516445616715292 0.9998526595467367 0.010581346568693714 -0.4896986698953154 0.10981880191396602 -0.009033883384392925 0.9939105692652528 34.59913399340612
0.9935106969240861 0.01787930421497039 -0.11232464368162777 -1.5569484152036444 -0.016784557739813927 0.9998020409668356 0.01068445132085948 -0.4931036694059755 0.11249343855929973 -0.008729797210560273 0.9936141187210293 35.02857071376345
0.9930926508780734 0.021130111745243 -0.11541449280569012 -1.6282465139643845 -0.019794569452099457 0.999723331573647 0.012705720266613672 -0.4980503777375065 0.11565103454862458 -0.01033337722726557 0.9932361549616047 35.561499384470615
0.9925386545892684 0.02645081833095108 -0.11902677579330155 -1.7086783855640415 -0.024869894144662685 0.9995819024079603 0.01474817764052376 -0.5036431272022187 0.11936711235243616 -0.011677953078609075 0.992781505619709 36.12234838892582
0.9919482689838326 0.028216734095410905 -0.12346030769833514 -1.7812292247855526 -0.026599973533298328 0.9995377083098264 0.014724505926111813 -0.5084135302692617 0.12381871049242331 -0.011321907247860218 0.9922402639221338 36.63640909110196
0.991390141235358 0.03044204351831336 -0.12735332680290318 -1.8499168731479454 -0.02868621439507404 0.999466744528368 0.015598964245934915 -0.5127249260917534 0.12776027929297032 -0.011811374530308704 0.9917347440050132 37.09752735917912
0.9910929348609838 0.034215096050510284 -0.12870167703218374 -1.9214812470046714 -0.03244938012763969 0.999348613017156 0.015792003989939244 -0.5171162664474435 0.1291581673684406 -0.011475053940643208 0.991557608482274 37.56482961582041
0.9910605797932505 0.03695836088168291 -0.12819128964483478 -1.9867382773034747 -0.03553730372099751 0.9992791015197459 0.013355796873668255 -0.5215941652343618 0.12859248509966748 -0.008680830998723686 0.991659526223121 38.007137484787904
0.9912041527674553 0.03817022556455816 -0.12671764445767816 -2.042918998118392 -0.03717155631624427 0.9992564603647197 0.010237276024381398 -0.5252568511956471 0.1270141840015518 -0.005436938451173141 0.9918859998823957 38.411872975575484
0.9915360247195302 0.039046449004627656 -0.12382118761956923 -2.0970258019921735 -0.03806312829638629 0.9992222716370658 0.010298064320738652 -0.5278428937197084 0.12412699121337141 -0.005497880008716647 0.992251109028217 38.8259474635399
0.9919367069397775 0.03861961050580643 -0.12070664898774075 -2.145715343814872 -0.03740296977783578 0.9992241978646623 0.012329649367259058 -0.5306575081239706 0.12108917076794333 -0.007715444647008762 0.9926116484489953 39.23276238860092
0.9921014845363313 0.04099102765135571 -0.11855117052519107 -2.200079068737347 -0.03970881100954221 0.999124646751098 0.01315866948824703 -0.5339459810170941 0.11898678375775852 -0.008347209508467983 0.9928607502486977 39.64264090558357
0.9923152662066049 0.043687243563314875 -0.11576630426490382 -2.2498780212100273 -0.042345320404773616 0.9990045638525771 0.014026946978526324 -0.536956282497663 0.11626386495008557 -0.00901699237888842 0.9931774300472742 40.02033683319961
0.99266175602736 0.047737829694939046 -0.11110237502724674 -2.2900070600099083 -0.046501074140929764 0.9988243179461208 0.013697882435083226 -0.5399234220586877 0.11162566113765116 -0.008430984253490661 0.9937145617731988 40.32092530531036
0.9932126552337245 0.051650077154513016 -0.10421559870531621 -2.3193755621154732 -0.05045484806633045 0.9986271668322173 0.014074443905945764 -0.5424821197735963 0.10479947418846218 -0.008720733603944111 0.9944551367534042 40.56580320748519
0.9938217004945114 0.051321052802008826 -0.09841024929086709 -2.3395558969614587 -0.05003885920581293 0.9986276877624649 0.015454895780049015 -0.5440520638986112 0.09906836122384383 -0.010435074196419114 0.9950259137484497 40.78772578766235
0.9943532284234498 0.04721023923765508 -0.09504130909759746 -2.351962013943318 -0.04611766566505225 0.9988426007796344 0.01366088508773454 -0.5479841983128857 0.09557624201373549 -0.009200661872778718 0.9953795908012351 40.97810769316321
0.9947325353661818 0.04432067526971692 -0.09242759775955532 -2.3656656556033906 -0.04367106433702518 0.9990050628358195 0.009040053543471043 -0.5511110823580794 0.09273629938506953 -0.004956023812868765 0.9956783700594927 41.15685433114896
0.9949620374459083 0.04542685943173955 -0.08936970674481388 -2.390326674515565 -0.04521938798263468 0.9989676273605466 0.004345852748691236 -0.5534453078047793 0.08947486234670046 -0.0002827150620897037 0.9959890406426327 41.402827618597165
0.9952436326234715 0.04846588264818601 -0.08450544326590276 -2.4200456098526213 -0.04843025326369752 0.9988235059454817 0.0024727595086253434 -0.5548946319041901 0.08452586758648828 0.0016316218635601851 0.9964199493781951 41.71093110243395
0.9956050608580955 0.05148435843599247 -0.07822994075275758 -2.445990986728472 -0.05151031341110794 0.998671036995452 0.0016874473962552577 -0.5551149845137071 0.07821285320223993 0.002349617598663408 0.9969339140038842 42.018176734949826
0.9959565015932186 0.05276480567736753 -0.07270847416928337 -2.4688046487400483 -0.052831940206499 0.9986029162171967 0.0010009078506668606 -0.5547426699288128 0.07265970704739051 0.0028444690784500126 0.997352733975021 42.33608403750007
0.9964724090821953 0.051271412297467754 -0.06643779209867937 -2.4864353677501954 -0.0513719845173359 0.9986795688469318 0.0001948703543034817 -0.5546242764027488 0.06636005684653128 0.0032188582956478584 0.9977905500687994 42.6712992037713
0.996995051643882 0.05164746232626495 -0.05773566170806873 -2.5055244615130756 -0.05170425091471576 0.998662310050073 0.0005108060282687597 -0.5558310817660155 0.05768481112875049 0.002475908057147324 0.998331774734398 43.06114259076249
0.9973509137734693 0.05336910236900808 -0.04942563816026956 -2.5235029382301337 -0.053441854931576285 0.9985709516287143 -0.00015068110080864317 -0.5579355554309071 0.049346964817462736 0.0027916797180416106 0.9987777949011758 43.45416537040867
0.9975840258520889 0.05567663310976584 -0.04154785060982997 -2.538973138103549 -0.05578394962704765 0.9984418431134031 -0.0014271945611311395 -0.5599883747096016 0.0414036511523226 0.003741449701498276 0.9991354959290492 43.83275371592117
0.997887025968266 0.056811602594153944 -0.03152657949873843 -2.549700549005592 -0.056924253668131024 0.998374885463419 -0.0026865256798989314 -0.5624606382669362 0.03132271936682092 0.004475476129576418 0.9994993033338642 44.26333589341286
0.9981556840680548 0.0579759931689542 -0.01800040495946441 -2.5530537080827735 -0.05803335851628353 0.9983110454939302 -0.002680623833115575 -0.5658914040649565 0.017814591265359732 0.0037203038703235046 0.9998343861246022 44.71842334573173
0.9981423036702587 0.06092547558686332 -0.00016747639184360016 -2.548849526429219 -0.06092570402229867 0.9981391627034847 -0.0025040900487479914 -0.5717796130350711 1.4601868394974522e-05 0.0025096418269352837 0.999996850737384 45.21530999728926
0.9977158216889973 0.06361075298686182 0.022733483144731476 -2.5302175588162745 -0.06353894434959215 0.9979718641419741 -0.0038679363918194478 -0.5801245805184018 -0.02293341889877687 0.0024146398149994383 0.9997340785489794 45.788255280103854
0.9968689403776553 0.06352796300330806 0.04707986434750503 -2.4899496068977123 -0.06337495830052563 0.9979785446834041 -0.004736983428272215 -0.5912181692740826 -0.04728562541339389 0.0017384672109107067 0.998879896364433 46.408325233625305
0.9953827040568028 0.061591785894153095 0.07361877732572192 -2.432343250347979 -0.061255295971496815 0.9980988173404325 -0.006821989377913399 -0.6025296553162766 -0.07389899309198855 0.0022809502398874167 0.9972631227945776 46.984826957873835
0.9929537961333388 0.05916213901513715 0.1026771642165075 -2.3531985976714167 -0.05849470719306397 0.9982424979223783 -0.009501819409263245 -0.6155156256647689 -0.10305885684786052 0.0034287969963426343 0.9946693497722594 47.56628414998008
0.9897942158233382 0.05770074909376844 0.13029978463788372 -2.260975776016387 -0.05635716652764635 0.9983128119189049 -0.01397853138001736 -0.6297344809325311 -0.13088651612613153 0.006492542844292553 0.9913760975451131 48.139129444366596
0.985422725299495 0.05900356194612321 0.15956388106643504 -2.1618871294313475 -0.05667863167778095 0.9982100148498422 -0.0190866174218964 -0.6421806337600268 -0.1604044425022198 0.009764524112592276 0.9870030744098041 48.657457450616604
0.9795885088969424 0.06116508930948164 0.1914815528630002 -2.05537884599545 -0.05764359882066716 0.9980507971782345 -0.023912795045542664 -0.6538084553276584 -0.19257094472444403 0.012387013427428198 0.981204868081219 49.116347398846436
0.9718389492747668 0.0636448313202757 0.22688850151280934 -1.9385487334372875 -0.05893162520328724 0.9978833322004832 -0.027493978747288705 -0.6658393426706207 -0.22815810356727156 0.013348811283059505 0.9735325824100155 49.52721558251818
0.962145235732103 0.06886688232885393 0.26369280967883313 -1.825613525665867 -0.06273032856067974 0.9975291202604273 -0.03163163149640528 -0.6747672087125067 -0.26521962830206 0.013892686952457907 0.9640879327180465 49.866279490264915
0.9507276963531237 0.07389296302229577 0.30109247317537796 -1.715718091184695 -0.06647098457014948 0.9971800631848102 -0.034835754577877076 -0.6824371534623427 -0.30281752855037175 0.013105403561919186 0.9529584423258562 50.138012002738336
0.9375912566375538 0.07578449638382269 0.33938082677820863 -1.5980323202578568 -0.06690388006734521 0.9970427756316497 -0.03780971294082204 -0.6909347517982816 -0.34124259158074716 0.012744162137364809 0.9398888657829021 50.372456682062634
0.9217773611111281 0.07478623013624167 0.3804385841696544 -1.4953238371537472 -0.06484514984411026 0.9971368236201459 -0.03890066223624136 -0.694106785863806 -0.3822585552799274 0.011188152784635504 0.9239876742427728 50.50888900294446
0.9026525617928391 0.07449190679572844 0.42387416589214066 -1.4275271403332612 -0.06352315940233273 0.9971796058592772 -0.039970512604656276 -0.6890707594492921 -0.42565615337777934 0.009153659392268698 0.9048386870660209 50.533521370157175
0.8806533734336679 0.07364561479585964 0.46800209324450426 -1.3589364767691585 -0.060979353773012106 0.9972473141827906 -0.04218190096040777 -0.682546145368717 -0.4698203425494941 0.008609168168161175 0.8827200733812088 50.54463727927449
0.8568896548406495 0.0747818054699069 0.5100468615703174 -1.2738958219254393 -0.05983504864267566 0.9971626480444717 -0.0456773499544633 -0.6791604596243376 -0.5120155138089066 0.008621769864411636 0.8589329302706962 50.58726120172591
0.8315363469778655 0.07366700719855201 0.5505637798703363 -1.1519081410245333 -0.05726963791535204 0.9972546851408445 -0.04693912587251872 -0.6797898782978529 -0.5525101738680915 0.007501000935886695 0.8334724007171497 50.68386305043033
0.8039973092808897 0.07335322478016028 0.5900912057330104 -1.0168234144535029 -0.05638358377718183 0.9972952448360355 -0.047149614079765374 -0.6812682466037048 -0.5919537297369862 0.004636705919138291 0.8059586111015188 50.79192249530212
0.7749345081208356 0.07268560393985367 0.6278481592737323 -0.8542098227381282 -0.055290458025873374 0.9973531349589265 -0.04721958744935102 -0.686633252766905 -0.6296185141613967 0.0018780754767854743 0.7769021813958927 50.9252150550698
0.7447982327520151 0.07609139963173513 0.6629371700180611 -0.5541154916220521 -0.05887519658377275 0.9970961627913564 -0.04830065604080238 -0.7080665215232642 -0.6646873729180469 -0.003056312947550776 0.7471153560424721 51.229265026701526
0.7157826161432752 0.0782130967896936 0.6939293608989691 -0.16511219856348675 -0.05809734718952393 0.9969327837745814 -0.05243780015409414 -0.7399778654304006 -0.6959022522428178 -0.0027813892260561183 0.7181311295281281 51.598631016514936
0.6876887954492552 0.07337805266175944 0.7222878802812058 0.30591790497208476 -0.049746526599973036 0.9973035083675426 -0.05395364018327308 -0.7814922108966769 -0.7242992501064656 0.0011720005784904583 0.6894847516151854 52.004486763194684
0.6605466978586275 0.06510746853931577 0.7479566013402528 0.8366032992506662 -0.03922876988147879 0.9978649666379434 -0.052216970136522045 -0.8263987460047632 -0.7497594037834049 0.005150329800552471 0.6616904945223989 52.431103956784014
0.6323534862058271 0.06138453442906759 0.7722441371847765 1.2983376056513587 -0.032392271598444024 0.9980790063387487 -0.05281134202559848 -0.8614643558812669 -0.7740024607351239 0.008380694409100185 0.6331271236783274 52.7718794077182
0.6065761508934733 0.06325810142462529 0.7925047544156479 1.7742410013858472 -0.0292589589498947 0.9979304197508359 -0.05726072525810956 -0.8960073221656604 -0.7944868069945682 0.011545126247388992 0.607171659064803 53.108433078843156
0.5878562482594725 0.06131336810599167 0.8066385202020745 2.2795726980965405 -0.022859769744176802 0.9979844721388441 -0.059198178156013595 -0.9335577295605626 -0.808642357479212 0.016360448075987133 0.5880730170898955 53.450185302845895
0.57368583839176 0.05696908437943836 0.8170918444420477 2.8135885971356105 -0.015646698407784466 0.998158462767377 -0.058607713099881255 -0.9737319629996524 -0.8189259671409108 0.020837625364484122 0.5735207526423872 53.801657162332866
0.5666017259260873 0.05348811983216162 0.8222539177251726 3.4376236077399978 -0.011341090365869258 0.998302603046942 -0.05712523452037604 -1.0228919815732955 -0.8239137478200549 0.023042000488566427 0.5662465914834214 54.21905757990507
0.5656406109497143 0.05040048972910688 0.8231102537810449 4.11948692970054 -0.007526124243553765 0.9984045264691543 -0.055962120937019 -1.0791467477662078 -0.8246175214596775 0.025459618240758087 0.5651174666746113 54.68034238061579
0.5651090251452013 0.050802470005033955 0.8234506049186096 4.809709688778108 -0.00599607100964583 0.9983288476646764 -0.057476595697395286 -1.1364977679083872 -0.8249944465460872 0.027543074663192203 0.5644692570957344 55.150844261481616
0.5651920586707703 0.050865683365592135 0.823389712755293 5.487487424219141 -0.006649521350862361 0.9983457825316147 -0.057109389483146665 -1.1926533259778997 -0.824932555231819 0.026802625936363837 0.5645953405418914 55.617057546506054
0.566927870217158 0.05146498351209595 0.8221582240926216 6.114996237288248 -0.007419422819245033 0.9983250459412459 -0.05737643080075691 -1.243608627938606 -0.8237340239033859 0.026428358225672563 0.5663601325529798 56.05178413084546
0.5693787904755557 0.05066891576581617 0.8205123118708862 6.697807162455451 -0.003104967547384183 0.9982241629380654 -0.059488483785721094 -1.2890262999855964 -0.8220694326716694 0.03132381684455039 0.5685249918562648 56.44846381038792
0.5724230499993774 0.0493959056487033 0.8184692396996669 7.2493235498399695 0.0009132023639044 0.9981447793323622 -0.06087828474084588 -1.3308590399866271 -0.8199579366594666 0.03559556147456243 0.571315970468582 56.82682417733892
0.5763176877068358 0.048955839008889654 0.8157580821929856 7.761748589334406 0.0005439010166291574 0.9981808893763083 -0.060287778658706936 -1.3698136849408369 -0.8172255667855277 0.035188604843795816 0.5752426749479012 57.1911103967094
0.5799072154215565 0.048353433786691484 0.8132463138207567 8.249262677768403 -0.0018491090337626388 0.9983126376164637 -0.05803842150710059 -1.4064686722304485 -0.814680429553696 0.032153118298085245 0.5790181125715425 57.54616144735658
0.5826074438792012 0.043874669119510885 0.8115685921388242 8.757966536381437 -0.004430858611050296 0.9986984890480289 -0.0508103873745152 -1.445863736532265 -0.8127416156617732 0.026006564225842136 0.5820435763657688 57.91985572381878
0.5836994491367862 0.03865454548654986 0.8110491841994771 9.382076925143547 -0.0037426703579425016 0.9989836687208672 -0.04491794794494179 -1.496488738513385 -0.8119611724066624 0.02318309173128059 0.583250888350609 58.37102671801004
0.5833642199611687 0.03479270737563076 0.8114651282603387 10.092155425583018 -0.0008506744186812949 0.9991076974427733 -0.04222659426983843 -1.5546411972711651 -0.8122102333891936 0.02394319160157811 0.5828732798420246 58.87752431463531
0.5820285205370865 0.03397717002370145 0.8124582162785897 10.75917929579898 0.0030735737180144418 0.9990276226270987 -0.043981386661218834 -1.6091055108061 -0.8131625633451209 0.02809557163013759 0.5813581378365364 59.34824647110847
0.5811827377541897 0.03936890733217876 0.8128202227257951 11.289920407012458 0.0034668707596095965 0.9987002397778866 -0.05085087879991605 -1.6521796911318947 -0.8137656948678026 0.032371595621129214 0.5802908526362112 59.72566367948436
0.582834112636448 0.045514478952049714 0.8113154931054894 11.691560153325286 0.004247568188474565 0.998245837393118 -0.059052572270751974 -1.6825157890040807 -0.8125800608627836 0.037863971437654985 0.5816184009771354 60.0132478604305
0.5857840120251027 0.04630197004691112 0.8091435094132222 12.0729951775202 0.004544550669064484 0.998163400166717 -0.060408390367815645 -1.7090554439347727 -0.8104544640601267 0.03906346294671077 0.584497739557323 60.29120890290772
0.5888910663880165 0.04236600149302931 0.8071012537754316 12.470543527406642 0.0041816885961253785 0.9984520741829441 -0.05546141938553174 -1.7378184174470293 -0.8082015994842293 0.03603578051417012 0.5878023452776151 60.585601998898554
0.5909977963823355 0.03681706434655839 0.8058325560835337 13.00490271748036 0.004303606925012359 0.9987998036400331 -0.04878966300419297 -1.7816148316924172 -0.8066616909452534 0.032302569890476404 0.5901300368052894 60.980451166885736
0.5924353490943739 0.03666756237453094 0.8047831055712676 13.66363359450087 0.0025892904000264115 0.9988718383082671 -0.04741672921959447 -1.8378792934916415 -0.8056138359776657 0.030175163697483062 0.5916720432614492 61.47030928539067
0.5948216954416554 0.036610743538321805 0.8030235389386058 14.263774149245295 0.009386921571446969 0.9985778859760334 -0.052479437335442726 -1.8874755933120468 -0.8038028591236308 0.03875382687173474 0.5936321289885423 61.90208782861913
0.5984637548952823 0.0393026341707474 0.800185251691055 14.753933420572874 0.012465243730578595 0.99821822949502 -0.058352240767277325 -1.92745210533064 -0.8010529019829932 0.04489620530808183 0.5969075129143188 62.2638705880199
0.6023443754561731 0.04313159452266694 0.7970702095237545 15.194969466709326 0.007011243279194543 0.9982147260391452 -0.05931444331924209 -1.9635646497442147 -0.7982055473523035 0.041316174466229164 0.6009666196249864 62.61116846558939
0.6063432355895 0.04349818513510504 0.7940124612024706 15.65448053303294 0.0024801067960031494 0.9983944944024937 -0.056588714573369565 -2.001718757435726 -0.7951991761345919 0.03628141999340712 0.6052618679861844 62.97457536628368
0.6106505549869908 0.03796151831408781 0.7909897741572681 16.187379468095198 0.0053214614898075855 0.9986310865546526 -0.05203494032170797 -2.0466501164093054 -0.7918823029602884 0.03598438680817551 0.609612616474058 63.38384869384707
0.6140116192166988 0.03518173778693567 0.7885125089643005 16.71558242216808 0.011154878098367483 0.9985195428711335 -0.053238061563417934 -2.0907269365012757 -0.7892181575214142 0.0414845493010473 0.6127101533415213 63.785941152114205
0.6173026298244858 0.037679684660969014 0.7858229473460424 17.215035859424876 0.012573782027884754 0.9982523041129299 -0.05774285530469822 -2.133411296896721 -0.7866253003923068 0.04552558288560417 0.6157499964154582 64.17675049492978
0.6220692881796155 0.040666642267762364 0.7819053810470736 17.690561379768145 0.00942198848315226 0.9981891134582561 -0.05941144592114795 -2.174534688903662 -0.7829055031335056 0.04432513936903063 0.6205596306425244 64.56394851533055
0.6275871913586832 0.040721865603218776 0.77748057654472 18.147049233375142 0.007500185753898588 0.9982685846899035 -0.05834020941744556 -2.2133539962970414 -0.7785101569383501 0.04244481691570572 0.6261951557308758 64.94090583136489
0.6324096511157055 0.03510190426814937 0.7738384130375402 18.617214036536794 0.01331317591535135 0.9983327269961197 -0.0561651631844479 -2.253073096640263 -0.774519717323424 0.04582163817715855 0.6308879337505222 65.31718785556376
0.636727191821888 0.031560782007220116 0.7704429896064355 19.096605238821628 0.01863609831550662 0.998240289703449 -0.056294048107646856 -2.2946434904337227 -0.7708639173253505 0.05020200246866675 0.6350185665899454 65.7046572435598
0.6428076111233065 0.030002090395305752 0.7654399059716293 19.560648226003476 0.022329418568586314 0.9980742377215183 -0.05787238601436874 -2.3350877227253597 -0.7657021432308612 0.05429263825344221 0.6408997872391161 66.08928304558744
0.6493295119880215 0.029487961554862895 0.7599352899982562 19.99997153400764 0.022278100169767345 0.9980816389898598 -0.05776441953433106 -2.3735604241840553 -0.7601808147501627 0.05443805685962099 0.6474269278081698 66.46897320543626
0.6544439764510896 0.02760810292492705 0.7556062958576838 20.47043063435443 0.02327934429736807 0.9981236966378887 -0.0566317785258246 -2.4155945539264447 -0.7557520451946974 0.05465234544646817 0.6525733424843754 66.87745278726464
0.6600168353836893 0.025258733728419098 0.750826060669536 20.98222347348852 0.02541914601409123 0.99811148531169 -0.05592253485674049 -2.4631118385898008 -0.7508206470429618 0.05599517175012389 0.6581283284547627 67.32464450161692
0.6670166125601632 0.026261471184240347 0.7445798638829828 21.495787927127427 0.0241256600437524 0.9980931627950208 -0.05681541084320665 -2.5123086924211533 -0.7446521275711336 0.055860303553314075 0.6651111451409557 67.79023817165661
0.6712746133922973 0.02807327911370427 0.740676909600146 21.95035703441597 0.021009730043710696 0.9981603025779104 -0.05687355801303262 -2.556021482080787 -0.7409109154672442 0.05373919758775197 0.6694498592009058 68.21211215055608
0.6730642591661652 0.027308895913245455 0.7390796487775172 22.38714118359577 0.023306590537201643 0.9980385441364958 -0.0581022138599951 -2.596800976326848 -0.7392166839774591 0.05633195027602822 0.6711075960734365 68.60523059468957
0.6745642816786279 0.027028726711615436 0.7377211382465214 22.7975946630587 0.022473321837030626 0.998114440529748 -0.05711841569577441 -2.635869658341197 -0.7378739592159385 0.055109087620236086 0.6726849253347805 68.98332157637547
0.675369828248672 0.02819762221571226 0.7369399495160627 23.157291364781024 0.0211141822418528 0.9981198271570457 -0.05754130641760438 -2.6699207284725572 -0.737176903056258 0.054421546627845735 0.6735046465043993 69.31627194831792
0.6767847691860388 0.029192093426421907 0.735601928952868 23.483200658531484 0.019713768789361204 0.9981365212024307 -0.05774818059494463 -2.7004595094357184 -0.7359169406379483 0.05358457542324836 0.6749481089378578 69.62092069602156
0.6784068763638428 0.031141325226752774 0.7340261085038949 23.768699364762437 0.018943663367069066 0.998027616366318 -0.059849933904704854 -2.7266485848384385 -0.7344421336773143 0.05450775021301092 0.6764788669620266 69.88896393780564
0.6802003991647497 0.03362382571243826 0.7322546383059455 24.009193017401554 0.01876502489424841 0.9978213305628897 -0.06324923805406234 -2.747356108240863 -0.732785978862062 0.05676293348797957 0.6780875154174467 70.11548817926469
0.6829570448681751 0.03476244744498717 0.7296308978603908 24.259526908765558 0.019397194866359886 0.9976516361161578 -0.06568836872739642 -2.7685556903343693 -0.7302009474769549 0.059015126894588994 0.6806789192426704 70.35239205430373
0.6858481781353118 0.039612414889150654 0.7266657643890481 24.564952807748348 0.014773558547659408 0.9975538676566462 -0.0683229323953655 -2.7977007317415663 -0.7275946801044584 0.05759459792300493 0.6835852863935672 70.65504268707124
0.6881854221038205 0.041754798204884945 0.7243323557805851 24.92078174753739 0.010846821046582 0.9976389265569375 -0.0678153278507267 -2.833408654394575 -0.7254537692210075 0.054526223463462635 0.6861076589558253 71.00520450653286
0.6908052757762959 0.0400897096872158 0.721928587975865 25.29673419924543 0.013529494942964168 0.9975701624058493 -0.0683426941534514 -2.8712562441662355 -0.7229142575203649 0.05697882286217092 0.6885843376225005 71.36186710220521
0.6932283842066869 0.04065432654756279 0.7195704503821334 25.699925635973095 0.013858344228679239 0.9974712988474531 -0.06970619965836042 -2.913507158794525 -0.7205847303582156 0.0582943711565354 0.6909120151408853 71.75194199184833
0.6949462541210137 0.04376143166603653 0.7177288074068829 26.164283499037484 0.01035781739912292 0.9974335821652128 -0.07084465249964177 -2.9650921525590834 -0.718987078814282 0.05666732980834184 0.6927094587418994 72.21079446469287
0.696429056789618 0.04314523823355005 0.7163274790742632 26.66439004604672 0.009691848727152664 0.997534502060293 -0.06950528949345804 -3.0217253224469642 -0.717560197424139 0.05534804077010884 0.6942938552626962 72.69935546237977
0.698655706814896 0.04177534891011822 0.7142373719978614 27.17486382304566 0.010862710248830875 0.9975594244718972 -0.06897243053092453 -3.079761729202484 -0.7153755690971172 0.05594653582422373 0.6964967912835214 73.19720930008896
0.7008446264438422 0.046557164145820486 0.711792975556437 27.6981212069606 0.007611309966957488 0.9973228114150113 -0.07272742118239123 -3.1408573519731364 -0.7132733540132947 0.056388299300060125 0.6986139722025813 73.72075848302919
0.703593652337619 0.0524958486056865 0.7086608203290026 28.254473974206338 0.006041581291010602 0.9967895352994042 -0.07983809625171599 -3.206956759957619 -0.7105768583944392 0.060455009691199275 0.7010176318164353 74.2756586591387
0.7074055980665126 0.05546351759026555 0.7046283545534272 28.828925780087236 0.005162058099536632 0.9964844423313682 -0.08361883369023733 -3.2765576469156765 -0.7067889875912992 0.06278976356105241 0.7046323669911925 74.85297324605922
0.7109405024156333 0.05842723502360316 0.7008208474585353 29.34833641616252 0.002562006873205336 0.9963209615212294 -0.08566199714103685 -3.3387657813042373 -0.703247494233563 0.06269609111344979 0.7081752339734182 75.38496123917142
0.7140252736097007 0.05866293338604687 0.6976579168139158 29.873627965814666 -0.00021186402342599018 0.9965015076629687 -0.08357451967593042 -3.402413326331269 -0.7001198924185946 0.059526510665174476 0.711539690226625 75.92921158216434
0.7176918895375766 0.056810234222942534 0.6940395874728716 30.436119966329972 0.00017003860907142913 0.996652338257937 -0.08175627029075411 -3.4714824326093363 -0.696360770562825 0.05879382563261067 0.7152796399231756 76.50895316871615
0.7216478206537095 0.054507099451495344 0.6901111497832312 30.96849836937641 0.0004463185528846933 0.9968585141918833 -0.07920166338466184 -3.5360423654208386 -0.6922602283429969 0.05746371718339087 0.7193564467369192 77.06583031398638
0.72561663439572 0.05119343136025075 0.6861921979108975 31.46305873238416 -0.0008067705384037916 0.9972912134444851 -0.07354987904627666 -3.596469196144635 -0.6880987203952089 0.052815416044814614 0.723692395164193 77.59362635685618
0.7311497358862287 0.04829197989259278 0.6805056563993783 31.893515495437654 -0.004034617423348801 0.997780104726617 -0.06647243394058698 -3.648235955492032 -0.6822050905524989 0.0458557225413787 0.729721499706883 78.0694607517679
0.7383837959287353 0.045206510721507415 0.6728638356296581 32.288025643921024 -0.004189642730383461 0.9980389329684263 -0.06245586580165564 -3.6956652801037486 -0.6743677163118516 0.04329734019115852 0.7371251749389022 78.51241511789783
0.7455403427385323 0.04601405460326578 0.6648701408006504 32.65999017594757 -0.0042083612566266365 0.9979188667860981 -0.06434458025258005 -3.7414011653700423 -0.6664472124968664 0.04517346667364226 0.7441824177336089 78.93921261732842
