1.0 0.0 0.0 0.0 0.0 1.0 0.0 0.0 0.0 0.0 1.0 0.0
0.9999993378983727 -0.0011314894882252994 0.00020960523342488353 0.002034713288391554 0.001131204113983486 0.9999984399565599 0.001356636170280349 -0.034192979770886756 -0.0002111399259976326 -0.0013563981657469706 0.9999990578015298 1.6570238903657604
0.9999971308562606 -0.0023393077781761378 0.00051567273132793 0.004955132499134849 0.0023382299693529914 0.9999951012779511 0.002080889403767601 -0.0682944220984103 -0.0005205380459583089 -0.0020796776719620266 0.9999977019878213 3.332991952392486
0.9999905340363442 -0.00433574683805787 0.00036487951931891293 0.009251542755453295 0.0043353444985600705 0.9999900013807309 0.0010963241513887584 -0.10065927454800591 -0.00036962925500039044 -0.00109473189520747 0.999999332467923 5.004845335135351
0.9999843254273061 -0.005599005790750411 -5.8181311134805065e-06 0.011750114791429109 0.0055990088113717085 0.9999837553782045 0.0010677453037429559 -0.13286790620192618 -1.602755385623053e-07 -0.001067761143058944 0.9999994299428954 6.621268306542702
0.9999803890161668 -0.00625283828870377 -0.00035156281212684877 0.01263371122077282 0.006253450625921331 0.9999788831468113 0.0017685066370643088 -0.16513274133238054 0.00034049720221249603 -0.001770670435596786 0.9999983743926105 8.228391479219558
0.9999714792603529 -0.007503147491680503 -0.0008622317434481976 0.01395920279563676 0.00750572162082082 0.9999672652598262 0.0030220112070032793 -0.1969806887779436 0.0008395289227084492 -0.003028396688447391 0.9999950619901505 9.846105162803704
0.9999701679751288 -0.007516197000767923 -0.0017804332164176168 0.011962405986153205 0.007523746158435667 0.99996257087405 0.004272012956898908 -0.2245699140282563 0.001748257285384629 -0.004285281041674501 0.999989289924076 11.338895091382927
0.9999784187617068 -0.006100711377251604 -0.002437894896813304 0.006890449327599084 0.006107622083747442 0.9999773228460106 0.0028373836905903524 -0.24848800075813895 0.002420529553332507 -0.0028522121970464293 0.9999930029366525 12.692105244081496
0.9999900231263358 -0.003561875365984429 -0.002695680186389985 -0.00030504118522225836 0.003563534792423756 0.9999934639068022 0.0006110347438739889 -0.2724385779040274 0.0026934861375710905 -0.0006206347977909936 0.9999961799651407 14.029720707112606
0.9999972033790321 -0.0011225753816167972 -0.002081600015987603 -0.006826611537669073 0.0011220446495479694 0.9999993377105382 -0.00025611382036966205 -0.29646415997872416 0.002081886144435489 0.00025377745595594336 0.9999978006711233 15.323508124240385
0.9999997684246009 0.0006664791881429177 0.00013768164442436187 -0.009448674235795988 -0.0006664695627683065 0.9999997754630241 -6.994442421648966e-05 -0.3181610721796804 -0.00013772823001280697 6.985264739372032e-05 0.9999999880757706 16.513360049730803
0.9999930455262862 0.0011200302150072932 0.0035573067592993357 -0.006477404881781 -0.0011241103046043782 0.9999987124822461 0.0011451680543596175 -0.33634878882859587 -0.003556019556381583 -0.0011491588955032535 0.9999930170549927 17.62281883026937
0.9999742146933789 -0.001408677037483239 0.007041702731876947 0.004779866371493217 0.0013835737426795937 0.9999926755682613 0.0035685478178843822 -0.35326223638200327 -0.007046678086774176 -0.0035587130867811264 0.9999688394590638 18.702536876609408
0.9999262108708415 -0.005209996456347355 0.010974003390093941 0.022360922732579322 0.005142681697533895 0.9999678441399011 0.006153333336970601 -0.3692331376433083 -0.011005709356456544 -0.006096443481479335 0.999920850736916 19.775821735639955
0.9998621151015671 -0.0074797505449595144 0.014825792269060487 0.04223623068694725 0.007412003763805043 0.9999618617997689 0.004619214884022278 -0.38343911387479845 -0.014859777415072394 -0.004508689135947488 0.9998794220992095 20.84115086985479
0.9997884741246884 -0.00818391638557493 0.018868771025704886 0.0643101902575917 0.008138429211321433 0.99996379162912 0.0024862422821516138 -0.39878999342654187 -0.018888435017196947 -0.0023321542202793134 0.9998188776369914 21.922012936426047
0.9996776562292662 -0.007527999541318642 0.024246914419495197 0.0911673000486982 0.007490571697642057 0.999970610144868 0.0016340691974706186 -0.41582790402512826 -0.024258503078362057 -0.001451919214538046 0.9997046648680753 23.038001058128255
0.9995463148081525 -0.0052016459336343855 0.029666604676345253 0.12229460147515796 0.005090746838047184 0.9999797744227864 0.0038124850142283377 -0.4337010199336679 -0.029685835849313013 -0.003659730172281541 0.9995525786695731 24.207430895682435
0.9993771404386569 -0.0037046978319478186 0.03509424999379272 0.15728895996201595 0.003407181299527617 0.9999577830073607 0.008533657984476441 -0.4486309805234589 -0.03512438304433273 -0.00840877024170778 0.9993475723184485 25.25534015254826
0.9991626032034989 -0.008237705955717699 0.040077831281074776 0.20730052853974743 0.007862721102835576 0.9999239128083629 0.009505062381297079 -0.4592893903173706 -0.040153081780433565 -0.009181982062738847 0.9991513505114893 26.348207511860284
0.9990513764847218 -0.012044088792187954 0.04184838191792869 0.26443560673526684 0.01169080597950788 0.9998940162878988 0.008676476658471731 -0.4741900789817065 -0.04194844692634556 -0.00817900463512489 0.9990862984165312 27.57093776209847
0.999029437636231 -0.012281453055230235 0.04230069322231254 0.3167380421533453 0.012008954303876815 0.9999055096660138 0.006690049033964425 -0.48911669648311284 -0.04237885973882992 -0.006175568832231227 0.9990825264195319 28.802150398296526
0.9989953063760522 -0.013593709913882056 0.0427034997323897 0.37837761428583533 0.013396758348152595 0.9998982783430711 0.00489487817244688 -0.5087331167682226 -0.04276569541558029 -0.004317871853021798 0.9990757985649947 30.198857196144324
0.9990081300420985 -0.0099128729239266 0.04341072517458395 0.43429823968408887 0.009729514112564813 0.9999428406068365 0.004433066011688032 -0.5315207483982617 -0.04345218826391341 -0.004006303723466858 0.9990474747806293 31.618360203968226
0.9989349000635142 -0.010211653211054073 0.04499763964691316 0.4946545615785 0.010106583567982223 0.9999456453605823 0.0025618924629074347 -0.5520837772248478 -0.04502135497383072 -0.002104391385954432 0.9989838082437643 32.9535698053456
0.9988688990262382 -0.0095672673714842 0.04657671041574745 0.5547368211679087 0.009421275191704487 0.9999499973406273 0.0033529676767130425 -0.5737084521795812 -0.046606460194612884 -0.0029103631253578374 0.9989090887836617 34.26976611195108
0.9987782556257457 -0.011372136249586051 0.04809023400143564 0.6201479632329231 0.011127513921075135 0.9999237675367045 0.005351406276719422 -0.5940618966087976 -0.04814742488574299 -0.004809743477887757 0.9988286599034629 35.57660578079209
0.99878029445498 -0.010156350212100249 0.048319478047600985 0.6893516764521975 0.009817974943009147 0.9999256277768053 0.0072350731289096545 -0.6160811800918341 -0.048389366357102316 -0.006751849045365071 0.9988057277358927 37.05615712696076
0.9988088419312477 -0.0083450741930617 0.0480755344918008 0.7547409209835789 0.007958034793061088 0.99993441320203 0.008236441983357677 -0.6362745029532647 -0.048141115090870726 -0.007844044302850631 0.9988097436482998 38.47071155551578
0.9988037656940477 -0.006660203112365618 0.04844253636930918 0.814214167042664 0.006275020141713489 0.9999475131662533 0.008099076172470458 -0.6526693426658893 -0.04849393526628765 -0.007785409888273327 0.9987931345555295 39.766143627151884
0.9988261041991334 -0.004414463423999785 0.04823822222118159 0.8759601850333879 0.004002863259852758 0.9999547841905971 0.008625929518598661 -0.6707181299155036 -0.04827411994127753 -0.008422712568708428 0.9987986119618306 41.13891271724464
0.9988013243168774 -0.004613344711669714 0.048730191805734215 0.9388391844854843 0.004181998282865546 0.9999512031964886 0.008949978561872773 -0.6877271385048532 -0.04876910326440754 -0.008735460861750899 0.9987718790045694 42.43891140403101
0.9987546389497723 -0.00462505188993995 0.04967675584542236 0.9996174811470847 0.004182559892045327 0.9999506826619287 0.009007687644079457 -0.7023443363424838 -0.04971596694282226 -0.008788693814168911 0.9987247275861255 43.67597384477831
0.9987986251497097 -0.005990775672589402 0.048635552900023346 1.0669192892555122 0.005589163868664922 0.9999491884930046 0.008389378965819226 -0.7183735501094496 -0.048683340541703465 -0.008107468101918784 0.9987813581133145 45.02053347242017
0.99887394133633 -0.006741336006287898 0.04696172599124605 1.1334576515694255 0.006341173946005497 0.9999423537121465 0.00866480037854765 -0.7362122072846177 -0.04701743115285064 -0.008357250831697275 0.9988591079458217 46.41958072968207
0.9989568684923779 -0.006265881974409498 0.045231776606549284 1.195917174359287 0.005832210745332796 0.9999358158551648 0.009713366454955165 -0.7531819216024611 -0.045289736251429354 -0.009439432882805712 0.9989292952442259 47.81711184334751
0.999121690727805 -0.006463974925554191 0.04140125777526588 1.251108217169476 0.006047735394110502 0.9999299837705846 0.010171157906617207 -0.7683344367385665 -0.04146410512497564 -0.009911840632310698 0.9990908284042365 49.142246628637054
0.999309184554266 -0.006268865785983621 0.03663133886776775 1.2984667998389379 0.005897313620097826 0.9999301562988306 0.01024227593178142 -0.7824166540955588 -0.036692987852641794 -0.01001917391574097 0.9992763585697858 50.446100036166754
0.9994524325985426 -0.0055387590957364586 0.032621421191218 1.3460264926448104 0.005173949564014999 0.9999232527762176 0.011256944671514123 -0.7994668827362951 -0.03268126709239531 -0.011081999147622142 0.9994043846592461 51.93898626507508
0.9995229919936816 -0.007308748955202169 0.030006177109183355 1.3970474993361146 0.006949543322782425 0.9999031502406085 0.012057942880583376 -0.8173716250214818 -0.030091399495580446 -0.01184366191751826 0.9994769808999 53.53740133347467
0.9995730659539883 -0.008843543125265963 0.0278473978018466 1.44399769933867 0.008514677563902093 0.9998928670297383 0.011906079498820318 -0.8341421918844543 -0.027949706354906713 -0.011663884774851316 0.999541278640673 55.12613333922564
0.9996404014873971 -0.011912525279921468 0.02402414318076716 1.4851605564865666 0.01164013102254728 0.9998667335488541 0.011446505673022342 -0.8496078527761233 -0.024157298356660296 -0.011162745352279261 0.9996458463137362 56.59090535001142
0.9997144832314925 -0.012238744622199309 0.020522308526627498 1.5149130538454112 0.012000541003395593 0.9998596519045236 0.011690316890095885 -0.864646033617466 -0.020662503062681487 -0.01144070030363647 0.9997210467644191 57.998438906302894
0.9997103905040169 -0.015124691499898242 0.018718408728792994 1.5462855568900016 0.01489270964579312 0.9998113202633755 0.012471209749343877 -0.8788909200201664 -0.01890350014445338 -0.01218883014234488 0.9997470130498256 59.38980704540674
0.9997058010579151 -0.01671690822465591 0.017574308252667474 1.5721956229103753 0.016478512499431035 0.9997714043283007 0.013623425164893352 -0.8905989063633531 -0.017798032390054813 -0.013329818709411837 0.999752742419952 60.731152218380934
0.9997212152956085 -0.020700892021497386 0.011356265116012752 1.5942115506310246 0.020547937245289142 0.999698743348637 0.013424038964486481 -0.9003804949455074 -0.011630733546708138 -0.013186948724807333 0.9998454032601707 61.912420550836124
0.9997565896627647 -0.02204732266083659 0.0008227936356101116 1.5962771232156903 0.022034767534761315 0.9996726130662535 0.0130052183748658 -0.9069697242376393 -0.0011092545095099742 -0.012983922703785605 0.999915090047977 63.063797506014964
0.9996632600119283 -0.022504078425123378 -0.012920256830228774 1.5836079757814758 0.022669368466004456 0.9996611693826968 0.012792425953342698 -0.9173926248339058 0.012627997294729632 -0.013081012294739628 0.9998346967382495 64.24668977412874
0.9994052110538936 -0.02162262647404927 -0.026864216770365615 1.5492114466126403 0.02196768778136705 0.9996790698111986 0.01261657936830266 -0.9275271492839531 0.026582791649144462 -0.013199219892859078 0.9995594708582157 65.4467681352075
0.9992855169059336 -0.019002791922266622 -0.032670316821228375 1.4981946260954908 0.019469284093956866 0.9997121458988993 0.014020425067965412 -0.9409005172774203 0.03239448531631881 -0.0146464753909148 0.9993678392262342 66.88485896461366
0.9992759241752521 -0.01588104801347047 -0.0345748416871183 1.44210251769198 0.01641797958484271 0.9997481267266972 0.015301406889952273 -0.9556517636925377 0.03432313083107561 -0.0158579765561069 0.9992849679993678 68.39194667192321
0.9992645801309832 -0.012878887933951647 -0.03611693704114489 1.3833721715864742 0.013462917099565425 0.9997817637028672 0.015974192635451474 -0.9680141420331158 0.03590332517775387 -0.016448684226071014 0.9992198917297483 69.87638824483987
0.9992571801469446 -0.009174302650444372 -0.0374288671436125 1.3209973569814846 0.009769496604396974 0.9998282290150914 0.015750219066494354 -0.9806255434798573 0.03727794067371237 -0.016104180681547734 0.9991751650755245 71.37622656339458
0.9992502712451689 -0.006102067242967172 -0.03823166477958205 1.2546445711089775 0.006687273705662039 0.9998621453831575 0.015197716939554568 -0.9939895421998713 0.03813365687737784 -0.015441988380761378 0.9991533261757202 72.9673644012304
0.9992532161888859 -0.004674126362201718 -0.038355735932417104 1.186166040530578 0.005251752145428715 0.9998741094409277 0.014972787620021617 -1.0082492134120657 0.03828092260604652 -0.0151630410030923 0.9991519669959953 74.6675534206533
0.9992510573838902 -0.004327657592543848 -0.038452512231820016 1.1196467892242132 0.00492698425726155 0.9998676498518771 0.015505083224927958 -1.0229383822978924 0.03838032234498903 -0.01568292572975281 0.9991401286592625 76.36492087361157
0.9992490047806634 -0.005011154263993453 -0.038422841875573134 1.0541136293562132 0.005612450298435142 0.9998632216616279 0.015557582398202839 -1.0367054393772264 0.03833962501773366 -0.01576154501854864 0.9991404540164137 78.0732244159401
0.9992506032712367 -0.0061378951301153655 -0.03821724879475794 0.9876502861768652 0.006695635613744083 0.9998726960592481 0.014483098388722459 -1.0503759137053856 0.03812348784931253 -0.014728133574257092 0.9991644918408679 79.83100098948417
0.999276793131042 -0.00699520795006178 -0.03737589832332118 0.9219121709278351 0.007540228954162322 0.9998670013001699 0.014461143050373576 -1.0659466593938585 0.03726976867460622 -0.014732507483111897 0.9991966360863104 81.59877246942848
0.999331013130328 -0.007287538508126828 -0.035838777579654965 0.8589112802765928 0.007802961944011019 0.9998678323502498 0.014262945562249066 -1.080272272370065 0.03573009908762811 -0.014533052456519 0.9992557982846442 83.32879126997119
0.9993572833545934 -0.0074218371050408195 -0.03507045109650157 0.8040907410373834 0.007919586059925246 0.999869574625915 0.014075293745766446 -1.0928373479598184 0.03496141248241128 -0.014343990775806203 0.9992857196847431 84.86801547337433
0.9993861594796117 -0.0070065286769830275 -0.0343251044643707 0.7510329772720068 0.007512645580953869 0.9998646341561461 0.014638084579941132 -1.1053085115517123 0.03421789585825403 -0.014886971474855133 0.9993035142955005 86.35608884057254
0.9993965365633388 -0.007708643124487147 -0.03386944827394887 0.6997613927926485 0.00824034319273986 0.9998445578650249 0.015587073226151014 -1.1181575987231693 0.03374402834974307 -0.015856762874900565 0.9993047100969044 87.87777070598412
0.9993742646850832 -0.009586390017077381 -0.03404673569652012 0.6474662675848468 0.010153035363744671 0.9998121592919876 0.01650945198344304 -1.1299149367057788 0.033882074287899876 -0.01684479914785392 0.9992838724724893 89.48140741050423
0.9992712952149027 -0.01190512767910125 -0.03626494856571215 0.5907845900694741 0.0125253157477308 0.9997783453429002 0.01692266671744277 -1.1418202723388193 0.03605544376303104 -0.017364565020589934 0.99919891756181 91.14088549372667
0.9991387574419066 -0.013665440987040646 -0.039179064563505644 0.5303865366596354 0.01432642978644985 0.9997589005620523 0.016640136914348944 -1.1544902738264051 0.03894222370404075 -0.01718710183783366 0.9990936426298572 92.7521592189854
0.9990041983307187 -0.015014572795317269 -0.04201397769042013 0.46644010796381896 0.015695121213934692 0.9997501498928276 0.01591543148478258 -1.1671163969144898 0.041764517088994285 -0.016558997344073397 0.9989902525646979 94.31913234906823
0.998928289183845 -0.015095136501443592 -0.043753970359702465 0.4012190353975693 0.015779054208547524 0.9997580079430057 0.015327981018842607 -1.1808713627566412 0.0435120042806425 -0.016001950125939832 0.9989247434494974 95.81038916676518
0.9988853249529509 -0.014844639307121033 -0.044807859550275206 0.33397200123930915 0.015535470852665908 0.9997651564741235 0.015108972355996687 -1.1934791697430847 0.04457304946962543 -0.015788241957538564 0.998881361662567 97.29731935872
0.9988347919830509 -0.015336066176547014 -0.04575875215084367 0.26599540724628573 0.016033894117111272 0.9997600912967752 0.014922268249233069 -1.2063768757655773 0.045518925334579574 -0.01563857168955577 0.9988410596846184 98.79656230670265
0.9988029071998274 -0.014689151752500613 -0.04665813315985511 0.19112241868843335 0.01536188945153181 0.9997826800838943 0.014092727086731748 -1.2203400146924266 0.04644098321148761 -0.01479261386821798 0.9988115005611877 100.38464628025494
0.9987646454798206 -0.0134835852197967 -0.04782651847236152 0.11221352439743815 0.014187728305969375 0.9997954507109209 0.01441405922214753 -1.2344081110284486 0.04762238239612387 -0.015074802398839612 0.9987516503253194 101.99588079197176
0.9987234496626706 -0.013179409549580242 -0.04876242670148186 0.03512242921602045 0.013957486751671215 0.9997801005300899 0.01565053186371329 -1.2480134329145034 0.04854543910059807 -0.016311154096648562 0.9986877823396866 103.55799512796332
0.9986801261151261 -0.012071612316856719 -0.04992275912592524 -0.044421416356988694 0.01294295249592415 0.9997688522728493 0.01716746940334684 -1.2609716597912464 0.04970398055852151 -0.017790958408644315 0.9986055257785909 105.1098132101024
0.9985906503906343 -0.012979534157190921 -0.05146109837023129 -0.12139162825748623 0.013822758025564801 0.9997754185818649 0.016063740536407585 -1.27232170510521 0.051241041294795966 -0.016752435420459146 0.9985457984461727 106.62752682430272
0.9985311579633414 -0.013432481113559982 -0.05248899910953073 -0.2034970435134884 0.014161656477535844 0.9998079743700469 0.013544809776178496 -1.2848095171794778 0.052296979474905865 -0.014268245764439568 0.9985296405718773 108.2011768220176
0.9984729625506287 -0.014728265792332232 -0.05324303937717694 -0.29217118078655674 0.01541729209347381 0.999802336888531 0.012553655114522043 -1.3003114543037366 0.05304762162315765 -0.013355348703057946 0.9985026712538841 109.90586224426514
0.9983915788275464 -0.01614959150290539 -0.05434561638740594 -0.38667935771874096 0.016936104559693715 0.9997579503658781 0.014043113705983755 -1.3187211874117106 0.05410567150106277 -0.014940929506069994 0.9984234296814705 111.69392788190162
0.9982776217463453 -0.018148936867469972 -0.05578894165549001 -0.4822940485394252 0.019074806596060083 0.9996882863313479 0.016108442668781885 -1.3353218918713523 0.0554792003707874 -0.01714486110970629 0.9983126324272088 113.47674040451493
0.9981510135865199 -0.019748519371456125 -0.057485216002344144 -0.580061212612318 0.020754982927768506 0.9996406606290341 0.016964088564190186 -1.3500847453719913 0.05712954366935705 -0.018125826871645673 0.9982022188115725 115.23678257963188
0.9980574081333188 -0.020431757118381237 -0.05885535974960076 -0.6819381464030738 0.021395730158876733 0.999646303480709 0.015795273606992646 -1.3640504412115868 0.05851181761975929 -0.017023843232557782 0.9981415510639866 116.99875109046495
0.9980850751974643 -0.017802957818625186 -0.05923881633674186 -0.7918426537186054 0.018635479402133146 0.9997347809188931 0.01353095445646433 -1.3796500032040444 0.05898221406087303 -0.014608987437823774 0.9981521306446802 118.78554607602442
0.9980630893703196 -0.016364331636116728 -0.0600189827194287 -0.8995253441129554 0.017091874224375577 0.9997862994029674 0.011628558019648752 -1.3982570840377668 0.05981586304710492 -0.012631871445728091 0.9981294997903354 120.56975295291589
0.9980176808832674 -0.013950148079261922 -0.061368575125629245 -1.0125245114999153 0.014704154797925756 0.9998216418680674 0.011852100401144011 -1.4170132882451154 0.06119229098556424 -0.01273097878432078 0.9980448014508808 122.37413810571206
0.9979534377417708 -0.013151629605272655 -0.06257771758466739 -1.131988118607439 0.014048348191557357 0.999804540503667 0.013911315586193533 -1.435498804165575 0.06238252970559494 -0.01476195877841486 0.9979431369374471 124.28642560439887
0.9978888115480574 -0.012026797425507446 -0.06382222129391962 -1.2516599827100992 0.013094936326196542 0.9997806688532808 0.016344321028957658 -1.4523867076651709 0.06361165325486433 -0.017145563011186783 0.9978274335972174 126.15030405502097
0.9978428836833931 -0.01249287881141222 -0.06444771106418715 -1.3653979295102217 0.01362111526035849 0.9997610565405506 0.017096638382580603 -1.4652538236773751 0.06421872547375575 -0.01793760864563798 0.9977746225950024 127.9277169269487
0.9978004422998245 -0.01234847705373005 -0.06512904467844745 -1.4780064780823812 0.013439402734340373 0.9997761884311558 0.016338772910246817 -1.4765809084047792 0.06491270908241235 -0.017178130297617163 0.9977430791737204 129.65373632963633
0.9977667925684028 -0.011018400596192001 -0.06587884710635616 -1.597145524192704 0.012101296675468654 0.9997977762738689 0.016061294362443457 -1.4886751627614867 0.06568855506504234 -0.01682264563398403 0.9976983573843032 131.4291677685639
0.9977205007200114 -0.008286066754422032 -0.06697121426963705 -1.725284252967476 0.009368232713117064 0.9998303212209841 0.01586080019967658 -1.5025341396006857 0.06682842702653752 -0.016452047437399357 0.997628834525282 133.28867082912825
0.9976304716416482 -0.007750862131983127 -0.06836202299721986 -1.8534740987290226 0.008791148482026865 0.9998498998443132 0.014929617867910508 -1.5154636522124267 0.06823604443714755 -0.015495222409693431 0.9975488661324026 135.15867912444014
0.9975185334498444 -0.007157917333258616 -0.07003955770505817 -1.987719766973545 0.008166039524182335 0.9998669916994227 0.014117886117746914 -1.5303618784269681 0.06992918720076344 -0.014654798852062577 0.9974443070407701 137.0691723539379
0.99740304588367 -0.008542073962219872 -0.07151361432901894 -2.1320198431705046 0.009555143172327097 0.9998586221323418 0.013836003272937254 -1.5477941477660926 0.07138531572341764 -0.014483394630968408 0.997343655907545 139.1283721482653
0.9973271343565893 -0.008690534266469867 -0.07254696196420167 -2.2836007445346813 0.009787968609240498 0.9998427808618392 0.01478543976235736 -1.5665171954940478 0.0724070628224659 -0.01545600765479521 0.9972553981206592 141.23270117511095
0.9973094460260884 -0.008944942394999666 -0.07275889548835458 -2.434527963506872 0.010165450912324259 0.9998134779551194 0.016421720586920124 -1.5830112550421644 0.07259843300570808 -0.017117164041858323 0.9972143552016669 143.3153801655745
0.9973364752082579 -0.010094646373648347 -0.07223609439717711 -2.5825776687287125 0.01129929274006131 0.9998035049332502 0.01628734191822023 -1.5967378973813686 0.07205748540395567 -0.01706017695622188 0.9972545658754729 145.37628882127825
0.9973224879492311 -0.0120369564223836 -0.07213159301470859 -2.7148799057313924 0.013260480328057012 0.9997758047384359 0.016507571628797922 -1.6096516815660287 0.07191672053301043 -0.017419871977035855 0.9972585087970304 147.25685616019504
0.9972185891972489 -0.013079495101024676 -0.073375828222576 -2.8455821015666793 0.014396668200017455 0.9997440674866658 0.017450944672240162 -1.620818842760385 0.07312879941709222 -0.018458773879032497 0.9971516696885653 149.06934079431156
0.9970565980546577 -0.014581303230486311 -0.07526968760245846 -2.9757848151434945 0.01592440840305037 0.9997239615763013 0.017274659683971363 -1.6300441419371554 0.07499702322548493 -0.018422438662804012 0.9970135707506832 150.84006478157806
0.9969638532217345 -0.016047670606621108 -0.07619414437718394 -3.1060114739272304 0.01740931184915613 0.9996998007976904 0.017240189847984862 -1.6400209902152916 0.07589460606794518 -0.01851433372166325 0.9969439443703091 152.58422586399914
0.9970010559557226 -0.01707428106668834 -0.07548088068661869 -3.224650039321054 0.018498273484143714 0.9996631054265493 0.018206853848238853 -1.6489519137921802 0.07514458264757114 -0.01954851848609076 0.9969810164309634 154.17854849601625
0.9971187871014279 -0.018906051478632155 -0.07346213736927269 -3.322497192306595 0.020325993735399613 0.9996198247083845 0.018629547193754092 -1.6537033279721995 0.0730819977015069 -0.020069062446041813 0.9971239914596824 155.53619568468824
0.9972450319150887 -0.01910432350344576 -0.07167545705572301 -3.4181620513284994 0.02050969968791771 0.9996105608642183 0.01892297089338476 -1.6585902316150174 0.07128603327007695 -0.020340880811708918 0.9972484896094939 156.8696058242896
0.99727690807106 -0.019495199207717355 -0.07112457968997098 -3.515345028610601 0.02084796755850398 0.9996146649885705 0.018327132576174472 -1.663113172032408 0.07073988179876446 -0.019760029039364444 0.9972990576429196 158.23223359486283
0.9972911396115532 -0.019439810634269587 -0.07093995076676238 -3.625706269354653 0.020786331405512327 0.999616583447524 0.0182924717683818 -1.6702502084852953 0.0705571490281965 -0.019717501342730315 0.9973128440272931 159.78358323015175
0.9972453759904262 -0.02132534686996918 -0.07104146427676335 -3.7419857355410167 0.022540490807909597 0.999612274171812 0.016347097577066365 -1.67751489236069 0.07066531214004278 -0.017903376942104567 0.997339401986212 161.46510305671615
0.997072451787189 -0.02663830716597942 -0.07167235504999453 -3.8543164110641515 0.027844766116151803 0.9994860095225137 0.015886653791665196 -1.6863344976456864 0.07121232257845785 -0.01783584481011076 0.9973017034743735 163.1570417820146
0.9967584217003403 -0.032991432855429326 -0.07337720441384157 -3.9625415919955778 0.03445315284456107 0.9992305147066683 0.01874456556217198 -1.696405776687928 0.07270233165803071 -0.021211879624185786 0.9971280896325664 164.80174689770914
0.9963853283902694 -0.03874434104890439 -0.07559863362058693 -4.067794632631247 0.040378798125853876 0.9989799880076763 0.02021227899306076 -1.7020184761006671 0.07473841067700783 -0.02319180020757266 0.9969334533320686 166.33772376156742
0.9960736060315146 -0.04211859301939471 -0.07786780778627622 -4.177729354307383 0.0436166348836926 0.9988926332629187 0.017637924324990926 -1.707006406970312 0.07703869500969301 -0.02096500262671224 0.996807658546052 167.84052554261655
0.9958878692375552 -0.04159093111423764 -0.08048320541909187 -4.296723937639316 0.04286378587841982 0.9989806908226064 0.014151862907632156 -1.7147350550380902 0.07981257899385259 -0.017543483480716607 0.9966554963585509 169.32841851614026
0.9957723578181849 -0.03897187846451748 -0.08317814673433396 -4.4269963629105 0.040179154470499086 0.9991093517841538 0.012889481117670937 -1.7266591378511489 0.08260173697475902 -0.016177016609804803 0.9964513320691363 170.87383466365148
0.9954040479802452 -0.0387216095016502 -0.08758663266812913 -4.560516798029154 0.040030021852083514 0.9991108728164106 0.013231068382805149 -1.7393843718374407 0.08699642874889621 -0.016676353847003302 0.9960690340570298 172.43767158923305
0.9948814196362361 -0.04089312591338947 -0.09240515740810984 -4.693467255781645 0.04259822767193601 0.9989551118888559 0.01655522365696432 -1.7495983722315285 0.0916316095121971 -0.02040678034756781 0.9955838545567355 173.9471555920612
0.9944034593306206 -0.04510134289567151 -0.09553862538418544 -4.827337046813761 0.04723306010853699 0.998680258297668 0.020168780808085335 -1.7575616741906916 0.09450289997706936 -0.024568487041499325 0.9952213780563658 175.44960920476737
0.9937512220079333 -0.04859007845503837 -0.10048638232850299 -4.9642671631226625 0.05099816853054937 0.9984665502629853 0.021534502837567103 -1.761945595995384 0.09928592832958016 -0.026524559971179834 0.9947053594678501 176.90363768746633
0.9932225737397227 -0.048958064271810084 -0.10541359948600887 -5.1119623533564 0.05153610228493673 0.9984316064156016 0.0218713847672267 -1.7659674912898549 0.1041774888117193 -0.02715575911509097 0.9941879176351741 178.33670120952928
0.9929971990019641 -0.04733593761079055 -0.10823988074993256 -5.271011567577093 0.050070784662264174 0.9984879340427303 0.022688369143334594 -1.7703658386920018 0.10700223968477217 -0.02794914277015286 0.9938658692805852 179.80480608599
0.9928343679697939 -0.04388195934349628 -0.11114986019871859 -5.4364084935119354 0.0466807044250729 0.9986518395641669 0.02270275686967118 -1.7739914845653841 0.11000377090081008 -0.027728631038696425 0.9935443087292681 181.25673461661185
0.992731819597368 -0.04058329469921191 -0.11329841371464464 -5.615931471094548 0.043199488599882346 0.9988513480955417 0.02073134323739318 -1.7781023364389568 0.11232692706384555 -0.025475097626405457 0.993344693878875 182.80348401869705
0.9926556900365013 -0.037407164605300254 -0.1150451436365278 -5.807182756063932 0.040015124378776086 0.9989899280218973 0.020442933540842555 -1.7842998815961268 0.11416422758074618 -0.024896340032145206 0.9931498886844289 184.4366951380763
0.9926032263668535 -0.035011673456087196 -0.1162455062697786 -6.004799121339397 0.03780698212508033 0.9990444250905158 0.021928720850845376 -1.790377424621849 0.11536666376690735 -0.026161410844309625 0.992978405341187 186.1213281756489
0.9925841609305063 -0.03231283280082438 -0.1171860243641218 -6.215530559153527 0.03520104520765002 0.9991233094813833 0.022660513393497044 -1.7940510802925684 0.11635106310718239 -0.026617537214284972 0.9928514172958977 187.8884712768863
0.9925762904056917 -0.030202082473038534 -0.11781401418662987 -6.427989030988858 0.03285639968473135 0.9992466821086604 0.020652488823164252 -1.7968338835031323 0.11710151461118175 -0.024370115082319888 0.9928208966206542 189.66944262940925
0.9925730653215832 -0.027688525785172318 -0.1184569775824098 -6.644478919998007 0.03000744156820346 0.999390510008511 0.017837094927674168 -1.801768746545049 0.11789089637731374 -0.02125921082194375 0.9927989637920557 191.4633168886491
0.9926111010702091 -0.023534569936634754 -0.11903497826304729 -6.8486686484525015 0.02569308660120504 0.9995315239644941 0.016631232729980006 -1.8103080749790903 0.11858780431852785 -0.019566722237345378 0.9927507623002839 193.12860803249154
0.9926652325612009 -0.018981394735054776 -0.11939615872434178 -7.03708935945683 0.0212696239418585 0.9996131657871221 0.017919873950977574 -1.8168479188500695 0.11900982800419502 -0.02032794723918375 0.9926849628152177 194.64317278470995
0.9926525497589619 -0.015969313068983547 -0.1199412210090256 -7.228248435479037 0.01852812815718907 0.9996232711047675 0.0202490575779474 -1.8219693689963883 0.11957267214552784 -0.022322564949150466 0.9925744703396651 196.19250528214914
0.9925709682215609 -0.01555497559284435 -0.12066861969053276 -7.429000224852168 0.018378742771765662 0.9995818561567003 0.022323410502310154 -1.8251236701562985 0.12027092274461715 -0.024375306698201656 0.9924418116774023 197.8388368598118
0.9924886451683594 -0.01645561115433597 -0.12122500597405943 -7.619742561947194 0.01940786450170567 0.9995421385361112 0.023213101605352254 -1.827598588503241 0.12078751594166039 -0.025391458252614525 0.9923535911359651 199.4179645219219
0.9923407551008041 -0.01875932715555603 -0.12209796644758514 -7.798469820546823 0.021812888056946537 0.9994806313071157 0.023720572432883745 -1.8278724091669536 0.12158957060776186 -0.026202200033573153 0.9922345594831989 200.90215141711278
0.9921430357035903 -0.019941702677586978 -0.1235092109892297 -7.973195337840912 0.022593589136576175 0.9995424993347409 0.02010775356886788 -1.8280646550440747 0.1230517225998519 -0.022740284034669624 0.9921396842417044 202.32359904433184
0.9919303694079686 -0.018686395337443106 -0.12539920604000188 -8.160874702393844 0.0207980564439379 0.9996627408513216 0.015551379417197135 -1.830408494328506 0.1250663147866955 -0.018033945295348783 0.9919844725209951 203.79314132199744
0.9917295433381055 -0.015024429052524036 -0.1274628549893584 -8.379741949141648 0.017022487145076256 0.9997484949119861 0.014600748358004146 -1.838831383361211 0.12721142952497713 -0.0166497283120091 0.9917358714624301 205.46094304586057
0.9915066939937299 -0.010865552312488607 -0.12960098587035618 -8.612460157549158 0.013032528336046987 0.9997889037911397 0.015883987574944233 -1.8495474414159074 0.12940103929564784 -0.017438108528605466 0.9914389963079667 207.20577947383634
0.9912920673390577 -0.00811149392341542 -0.13143150648526988 -8.846138925525526 0.010704791087088274 0.9997614782931754 0.01903664804597618 -1.858393126842615 0.13124574156306526 -0.02027782501588784 0.9911424545110478 208.94954693647168
0.9910560571623883 -0.0071864512831039794 -0.13325256650322365 -9.088382233703934 0.01014105940224746 0.999717251680965 0.02150757089160996 -1.8634413883083225 0.13306032645360724 -0.02266653059939062 0.9908487159575089 210.75357449714127
0.9907866813423938 -0.008271114987138091 -0.13517892118002206 -9.33369987120568 0.01138352688951604 0.9996872343222077 0.022267663747469652 -1.865095310420359 0.13495246344576567 -0.023601317549752327 0.990570951734318 212.57320749242143
0.9905154166180249 -0.009808576299582802 -0.13705109001024118 -9.58625004841309 0.013046456892606426 0.9996561208245315 0.022747089057692235 -1.8663917081793584 0.13678084443579555 -0.02431937353273066 0.9903027661611392 214.42729625180277
0.9902078202877014 -0.012454057189768091 -0.1390444860488612 -9.844553732017333 0.01583387572877893 0.9996048016390807 0.023227761827144033 -1.8668874953100165 0.1387002560216942 -0.025201924521887766 0.990013687774016 216.31074817216168
0.9898847972356469 -0.01512315747824807 -0.14106515625635319 -10.09803728660085 0.0185875723555669 0.9995563201732994 0.02327369664531464 -1.866327582744817 0.14065059671280372 -0.02566033728343554 0.9897267081042271 218.13055067285183
0.989582733063008 -0.01821613402087126 -0.14280821714761563 -10.348346041338601 0.02190493032535689 0.9994646785465939 0.02430083054536322 -1.8663107975069142 0.1422891016592209 -0.0271758863532885 0.9894520113426033 219.909629313948
0.9893279620102973 -0.022075238005079052 -0.14402384334397683 -10.609020820793504 0.026092909898485 0.9993196119974327 0.026066705398449398 -1.8661851439808081 0.1433504225232028 -0.02954652169577864 0.9892308423305948 221.75888645843892
0.9889732884070493 -0.02573311370165125 -0.14584115220528152 -10.868556949106981 0.029870259201284947 0.9992090762331334 0.026248611174219078 -1.8633790804186432 0.14505034447595844 -0.030315488327671253 0.9889597407047762 223.573885541865
0.9887748584412168 -0.023192952870375608 -0.14760205368389423 -11.136788945841916 0.026814211751287776 0.9993851259547437 0.022591327286751985 -1.861330044212461 0.14698733742301653 -0.02629556916236226 0.988788787193563 225.35072012639844
0.9887074176429713 -0.0176509389004752 -0.14881561293660522 -11.431633518712944 0.020419917436867645 0.9996452571125373 0.01709932467320385 -1.864211412493126 0.1484610025213264 -0.019945031670564446 0.9887171114338115 227.25708809003956
0.9886013685509651 -0.008616907470897564 -0.1503099564393374 -11.734561332302938 0.011255511747060229 0.9997969821707904 0.016712507217382384 -1.8753061040212722 0.15013543070997354 -0.01821382298742517 0.9884976525504301 229.17215615908677
0.9883614826623969 -0.001544704073843903 -0.1521157239693254 -12.030949884031683 0.0047447616108154955 0.9997749645837531 0.02067625277489241 -1.8848670576861999 0.15204955385217095 -0.021157364695986204 0.9881463955773327 231.04227491464798
0.9881088247739634 0.00017819156871504914 -0.153756036146815 -12.321424529733502 0.003421130168732336 0.9997262787713851 0.02314440326054465 -1.8868104564674253 0.15371807399321777 -0.023395208519758015 0.9878377487958891 232.89987925210463
0.987938495846758 -0.0012126494318546019 -0.15484204178904432 -12.621643266724613 0.004922161447566191 0.9997099394788046 0.02357560675716518 -1.8859319502660767 0.1547685392795602 -0.024053407006904882 0.987657902748026 234.83363412981333
0.9876797905314142 -0.003508672158134961 -0.15644909905623441 -12.930861213460364 0.0072552250563045475 0.9997002581583413 0.02338280452656167 -1.883955493685973 0.1563201621199359 -0.024229796900340484 0.9874091977781869 236.81786005806794
0.9872944345905788 -0.006171904198678948 -0.15878163314763757 -13.239071598702873 0.00995924545258379 0.9996842938796727 0.023067856430865955 -1.8827209618417815 0.15858913221429702 -0.02435611153000787 0.9870442072038373 238.7736737705109
0.9868618380025008 -0.005864735696213765 -0.16145995655127182 -13.570921944612838 0.009627788726611205 0.9996997194146289 0.02253390082848222 -1.8821470847457802 0.16127931788844077 -0.023792349138445492 0.9866219669883249 240.81566160188487
0.9863738433925703 -0.0049980961628716255 -0.16444348605437373 -13.909204155426453 0.008870478884554485 0.9997001792055148 0.02282249549939921 -1.882159407144157 0.1642801134505542 -0.023970205072299876 0.98612244350966 242.85545754516744
0.985883681379074 -0.004147623274027227 -0.167380297561036 -14.239394830410106 0.00828936567533789 0.999676307164493 0.024053426173067115 -1.8816669809454258 0.16722635320769483 -0.02510135683861345 0.9855989390607695 244.80859672431
0.9853911488005485 -0.004860889249276403 -0.1702370571328132 -14.570960754004249 0.009051186630219261 0.9996746442066126 0.023847049103971285 -1.8793502321106488 0.1700657516554093 -0.025039518487553734 0.985114542897317 246.74784510587705
0.9849196454266996 -0.0055608157574419175 -0.1729230157632432 -14.907354886819977 0.009596261383451245 0.9997005742093406 0.022509413430268466 -1.8768142390721905 0.17274606745163124 -0.02382937795298174 0.984678098124645 248.67995520004766
0.9845090921846207 -0.006485278513004881 -0.17521355132643746 -15.242080678604763 0.01055777142636141 0.9996951093978476 0.02232088055015493 -1.8764993492412725 0.17501537323424493 -0.02382497447289994 0.984277394702856 250.57850927590417
0.9841747148697085 -0.005596196868369873 -0.17711243093509269 -15.583680811143612 0.009752451497799072 0.9996969073077148 0.022604937716651768 -1.876768217774346 0.17693224776990366 -0.02397448852428503 0.9839309953442298 252.47678577152982
0.9839091238028309 -0.00561504095417015 -0.17858137476407834 -15.93430865589752 0.009820745240871318 0.999694644200455 0.0226753460798249 -1.8769193873014616 0.17839952090871508 -0.02406428207964903 0.9836638253323797 254.41585106897864
0.9836435770714337 -0.006240116163876508 -0.18001770534137837 -16.295796700582468 0.010458060578875227 0.9996923409224003 0.022491164265554562 -1.8766965662058557 0.1798219737825234 -0.02400592533840152 0.9834062097086853 256.4040859143075
0.9833689344304584 -0.004906202352481129 -0.1815529343623524 -16.649257508313962 0.009090370016354503 0.9997117409566977 0.022221614844430346 -1.876876151171601 0.18139157634815858 -0.023502429061800216 0.9831300686369647 258.3146017110988
0.9832051431278223 -0.004641624163427057 -0.18244479124415544 -16.99503818585666 0.00883753510434047 0.999714666405596 0.02219197482936784 -1.8764789540323474 0.18228972680948718 -0.023431626035621912 0.9829656221867819 260.1784219800906
0.9831187020163333 -0.005588769041364646 -0.1828835241521833 -17.338235432738532 0.009838804770674102 0.9997020178192841 0.022339952746969465 -1.8762091346715521 0.18270417528454144 -0.023762180637613012 0.9828807369691094 262.0334797644967
0.9830493176625232 -0.006892394347064453 -0.18321171890305446 -17.677912197298323 0.011191687982692228 0.9996854875583193 0.022442639893378285 -1.8757940317018584 0.1829994130136633 -0.024112670226466924 0.9828172739483177 263.8698323176953
