1.0 0.0 0.0 0.0 0.0 1.0 0.0 0.0 0.0 0.0 1.0 0.0
0.9999952015690787 -0.0026393404531871497 -0.0016219496877768408 0.001499383707471602 0.0026381794909775417 0.9999962625907787 -0.0007175050157696489 -0.024281939250489354 0.001623837365900607 0.0007132225784697049 0.9999984272316444 1.074504268176148
0.99998861999173 -0.0034062275879465334 -0.0033402845168993196 -0.0016289127363750496 0.0033988956519224057 0.9999918076152051 -0.002198229019267055 -0.04963522636262649 0.0033477448203332863 0.002186850724881964 0.9999920051123029 2.1823931334986613
0.999979389653677 -0.004326945932925191 -0.004743185296015762 -0.005848553021172017 0.004310819559173947 0.9999849117295239 -0.003404871219829541 -0.07634866173561239 0.004757846423229874 0.0033843540283076652 0.9999829543773349 3.316568700948824
0.9999615571172857 -0.006259626030120594 -0.006140144097300979 -0.009755218325338029 0.006229347496988872 0.9999684050305343 -0.004938033054790162 -0.10322652412950456 0.006170860339883072 0.004899594131300926 0.9999689567481649 4.452920315874547
0.9999268335771905 -0.008760084169347832 -0.00834196725231305 -0.014822654045142433 0.008704444618843165 0.9999397836202303 -0.0066829467604728405 -0.12943741007383502 0.008400008105365975 0.006609845601204591 0.9999428732707469 5.548486201910109
0.9998800824289074 -0.009556496145441707 -0.01218581730465925 -0.026029193402726636 0.009471891646892938 0.9999307665999377 -0.006981781684463246 -0.15415725946358794 0.012251695008850602 0.006865521705023185 0.9999013754271604 6.557337921261457
0.9998189880464201 -0.009351334271294774 -0.01656935995076905 -0.04325902230511271 0.009248940690884739 0.9999377229316848 -0.006245586785322954 -0.17833294002091063 0.016626732629357398 0.00609120723198711 0.999843212187055 7.54454179495619
0.9997322077839268 -0.010008688200248276 -0.020864776058813234 -0.06355319908626675 0.009883086276794219 0.9999324679453834 -0.006114258278736406 -0.20274434967956223 0.02092456272230454 0.005906412546027062 0.99976361054287 8.55932363008663
0.9996478110386623 -0.009542257913366391 -0.024762859276033077 -0.08913792236208537 0.009338609821815117 0.9999217260826562 -0.008326588405610015 -0.22667861576265153 0.0248403754441377 0.008092405192236573 0.9996586761120009 9.56159111390125
0.9995894424045482 -0.007744096444034507 -0.027585786260846575 -0.11904279474959849 0.007417971647056664 0.9999016176543287 -0.011904986724023096 -0.25050594832039585 0.02767526567184285 0.011695468460955075 0.9995485459383506 10.551963747042995
0.999532607451212 -0.007334547864118944 -0.029677787138017997 -0.14822432756632045 0.006863113870099613 0.9998491423589727 -0.015955882677934005 -0.2745982739091501 0.029790339202275036 0.015744742984720214 0.9994321581570996 11.532498006150927
0.9994776265152133 -0.006733335697083023 -0.031609117132653027 -0.17804454437863457 0.006194407079191754 0.9998343075307194 -0.017116857348930797 -0.2981588944793229 0.03171913328659298 0.016912116217575334 0.9993537296215941 12.469479197426137
0.9994566974428105 -0.0033319539454551607 -0.032790364737454246 -0.21432626223187556 0.0029906828457657115 0.9999409122417128 -0.010451212433343212 -0.3225348555728631 0.032823250186810565 0.01034746868157574 0.9994076066045612 13.419744252673647
0.9994231045408097 -0.001424612760672259 -0.033932706766361044 -0.24941883846929033 0.0014542885432858538 0.9999985813708399 0.0008498830155929661 -0.3454560095051072 0.03393144787424466 -0.0008987406686334277 0.9994237585280669 14.382221530820106
0.9993668777208072 -0.0009970431521413659 -0.035564724370048956 -0.27821034511102677 0.001275466588521399 0.9999687129489668 0.0078068116518367125 -0.3597892942562168 0.0355558279266051 -0.007847230603114447 0.9993368821735313 15.172214711623392
0.9993737343734636 -0.0003230156704815511 -0.035384102437584636 -0.3031651510052861 0.0006013770368934117 0.9999689564900215 0.00785648788677409 -0.3687435441332979 0.03538046622214519 -0.00787284682514236 0.9993429045591758 15.837105669148151
0.9994144608073517 0.0006498933776742229 -0.034209840218091564 -0.331323951458909 -0.0006327227123199824 0.9999996683770725 0.0005127452706301626 -0.37807982599193324 0.03421016210308004 -0.0004907996952875424 0.9994145405809038 16.605278727879355
0.9993985842370546 0.000264494552678864 -0.03467563795522272 -0.35816928518363667 -0.00048383445832566344 0.9999799290080161 -0.006317237160216626 -0.39073628819836687 0.034673271105954445 0.006330215142717373 0.9993786532876611 17.3983834734599
0.9993318021778608 -0.0018198533162630643 -0.036505304954969314 -0.3855924350237981 0.0016267013947764632 0.999984525237851 -0.005320068364261335 -0.405148031142551 0.03651442178811342 0.005257130275679718 0.9993192981138427 18.223882487377942
0.9992692771494122 -0.0026063315451727454 -0.03813290942436832 -0.41808722580102514 0.002780421900935849 0.9999859507740444 0.004513037622475118 -0.42163172005886107 0.03812061121418747 -0.004615765419268734 0.9992624848908569 19.09280021441264
0.9991489450636343 -0.003738269241315971 -0.04107810756723413 -0.4457888915988458 0.004269260222943735 0.9999083692822082 0.012846262356915397 -0.4327107388881403 0.04102632076331749 -0.013010702612593303 0.9990733519727925 19.79720939650041
0.9987726550541459 -0.004919774364565493 -0.0492846764856217 -0.47966246184308914 0.005712886719877724 0.9998562376133026 0.015964555461869784 -0.4395121987350091 0.049199049192199557 -0.016226519219199046 0.9986571752271203 20.438128270901984
0.9980820383851962 -0.0061969055768835634 -0.06159418003448906 -0.5278373814497987 0.007151632873739804 0.9998574953737291 0.015291928989185487 -0.4466794871439185 0.06149063993884845 -0.015703098619133642 0.9979841250709688 21.156347823611924
0.9973342247798395 -0.006849579053860716 -0.07264659214016236 -0.5900104312582574 0.007770250654420456 0.99989294748325 0.012398257055876476 -0.45453273127664984 0.0725538922978062 -0.01292968831956227 0.9972806805871631 21.950591551403708
0.9968638648660948 -0.004983300517368161 -0.0789784884647941 -0.6652260898399468 0.005812316072446386 0.9999303663297628 0.010270320028985662 -0.46477392522180805 0.07892180881165861 -0.010697158855387768 0.9968234140941498 22.820719160920543
0.996511205560716 -0.008517677816269153 -0.08302328803741506 -0.7353798777480259 0.008986571914141546 0.9999457028900148 0.005275679768812969 -0.47588623909227823 0.0829738435722807 -0.0060033687550688185 0.9965336426064255 23.70203760586351
0.9960692554542181 -0.012274996408959715 -0.08772321700688746 -0.8089272559609366 0.012281792300137366 0.9999244690805221 -0.00046228987646446465 -0.4888478654399208 0.08772226579822094 -0.0006169255981244872 0.9961447803838712 24.580496283662985
0.9955789633021114 -0.012949443123217701 -0.09303139122408989 -0.8953146086176875 0.01244282280847232 0.9999044410424548 -0.006023698542478686 -0.5041498309747932 0.09310050478299285 0.00483949443353836 0.9956449544404763 25.49615708244163
0.9951586927823421 -0.011851746366937988 -0.09756388823633562 -0.9901843828773669 0.011227343700744742 0.9999128428487396 -0.006946471015938641 -0.5221811021811501 0.09763771265839731 0.005817457709661547 0.9952050212155441 26.432924576453665
0.9948299416935689 -0.01195357563092674 -0.10084889260474877 -1.0899574804596193 0.011402628025249778 0.9999167590948024 -0.00603779392347547 -0.5422425783014464 0.10091267107794849 0.00485663576771858 0.9948834333251971 27.412523675044394
0.9945432159974704 -0.0109580011668759 -0.1037483191373903 -1.1995104670960655 0.010292892363051401 0.9999229155189431 -0.006944018065714846 -0.5642293418034211 0.10381641431011608 0.00583825577729192 0.9945793416763028 28.443015079262718
0.9942973530849888 -0.009004324189273579 -0.10626239124957311 -1.3158588904239013 0.00809669761417536 0.9999269913181612 -0.008969700170693233 -0.5873403287918213 0.10633539926067656 0.008058174687979277 0.9942976660360664 29.496643810380668
0.9941358387708306 -0.005050995987948783 -0.10802046801854023 -1.4380319762403613 0.003980047519509792 0.9999407936267487 -0.010127608940294845 -0.6123413945947128 0.10806522703051703 0.009638292412809514 0.9940970827973524 30.559341487587957
0.9940153977991549 -0.0037525878700514818 -0.10917557887395414 -1.5562908325699598 0.0027244222571008465 0.9999505411575734 -0.009565184893042897 -0.6370967033247787 0.10920607337300636 0.009210500689464446 0.9939764585821422 31.616840755197178
0.9938823617938194 -0.0035728181920491086 -0.1103860765010882 -1.6785403379948463 0.0025642458365549726 0.9999536763253095 -0.009277383617454097 -0.6624552057118125 0.11041410941735319 0.00893757090390102 0.9938454830947863 32.71214089659451
0.9936860520446266 -0.0037034236034685793 -0.11213525148486905 -1.8070684231503324 0.002681835857302204 0.9999535309643037 -0.009259787711010043 -0.6899681171797957 0.1121643335842372 0.008900593555025206 0.9936498083862195 33.850316457751624
0.9934654969611574 -0.0031417004578345124 -0.11408959665960505 -1.9387039688804864 0.0022441113514823554 0.9999655214724802 -0.007994987836740994 -0.7183331290709091 0.11411078087525417 0.007686714805476448 0.9934382940593427 34.98891703977287
0.9932442254434795 -0.0017358207747732008 -0.11602971838894757 -2.072284907938317 0.0010547372197652453 0.999981854945308 -0.0059310462429229 -0.74543501696008 0.11603790825664625 0.005768596569037716 0.9932280338074659 36.11441908078078
0.9930560491933296 -0.000815945495908511 -0.11763935308170093 -2.2052731852689926 0.00029801969715208623 0.9999901865442304 -0.004420180934408089 -0.7708969385314582 0.11764180525983736 0.004354428571064404 0.9930465470495453 37.223403435261396
0.9928722004343791 -0.0013361103579156246 -0.11917637523311356 -2.334591094288977 0.0007296839481018783 0.999986565135915 -0.005131969310903082 -0.7944834203229095 0.1191816309920631 0.00500842857427748 0.9928598362695951 38.30492888995877
0.9926696153733059 0.0004976047534367159 -0.12085854170939019 -2.4619898319568216 -0.0012057369369118773 0.9999825333383536 -0.005786122764449319 -0.8163564771651375 0.12085355151194363 0.0058894318669689555 0.9926528767294402 39.32380275331459
0.9924378130651134 -0.00032399377694136466 -0.12274804367714288 -2.5832166948308037 -0.000299270286169223 0.9999871578017158 -0.0050591174072278314 -0.8371515105168756 0.12274810644498385 0.005057594257826809 0.9924249710202243 40.31264818963292
0.9922186370490201 0.00012072435137507101 -0.12450767734647533 -2.7095075116762204 -0.00038398923700474065 0.9999977412808879 -0.002090451000586728 -0.8580882458236524 0.12450714375026391 0.002121994050645427 0.9922164422626745 41.314748123031016
0.9920472966947387 -0.00010365483903811453 -0.12586560442127667 -2.8372828744037504 0.00026836731114839474 0.9999991297681129 0.0012916818495343168 -0.877801930432324 0.12586536099994017 -0.0013151877008447928 0.9920464612011198 42.32710931419837
0.9918959397733261 0.0003611147531413964 -0.12705240752273492 -2.9726243693783014 0.00012348028182197104 0.9999927486254647 0.003806238182915288 -0.8966875345068178 0.12705286070690436 -0.0037910806665309564 0.9918887025738172 43.37589858918164
0.9917562135967596 0.00026206950616218446 -0.12813876896470494 -3.1122235326806353 0.00032333955581308904 0.9999896067380171 0.004547732124263702 -0.9154563554595738 0.1281386290068211 -0.004551673924651616 0.9917458212771729 44.45370057547577
0.9916104666111508 -0.00042785568810315214 -0.1292613609967139 -3.2502776344123303 0.0008227603764012014 0.9999951564111977 0.003001702767280083 -0.9334218602777752 0.12925945061223051 -0.0030828710077183863 0.991606015680508 45.51405268410937
0.991398779429671 0.0006461724393961777 -0.1308741479687012 -3.3902141060806037 -0.0003179175406854053 0.9999967514117077 0.002529050111044971 -0.951845901473238 0.13087535701495623 -0.002465690005944963 0.9913957642127587 46.554167584694724
0.9911675373768714 0.00026193000065522463 -0.13261539972016678 -3.530544264702559 0.00021732777110067684 0.9999934985050989 0.0035994049741685592 -0.9710224713446146 0.13261548031396925 -0.003596434373503536 0.9911610363815204 47.603119098940226
0.9909847640149596 0.0008894782636332713 -0.13397166237167268 -3.683266804384372 -0.0001081293767382828 0.9999829449563364 0.005839358225489822 -0.9909087233013975 0.13397457146133676 -0.005772228760733027 0.9909679589052726 48.72113235894902
0.9908249020466474 0.0011346086288007138 -0.135147053787744 -3.841493552299932 -1.8696775774963764e-05 0.9999659019411204 0.008258002513143013 -1.0108759766952347 0.13515181513645502 -0.008179707717024606 0.9907911380543241 49.87440368963824
0.9906941469564013 0.001629825833101818 -0.13609721104445288 -4.002242889194721 -0.00045780312783226453 0.9999625479914729 0.008642512984816957 -1.0294154451648734 0.1361061997214703 -0.008499781300147488 0.9906577896101288 51.03014252216775
0.9905698206411555 0.004025784131132313 -0.13694971156258262 -4.1678768417282015 -0.003313663501042842 0.9999797810074526 0.005427449721937887 -1.0483944849964077 0.1369687923183487 -0.004922462636915646 0.9905631324112756 52.1886925742953
0.9904661455558212 0.0048565495609563785 -0.13767072468085664 -4.333011682045201 -0.004802821836906611 0.9999882054165709 0.0007224473294213041 -1.0686619513782436 0.13767260951326962 -5.435165893904448e-05 0.9904777885625202 53.35428177571558
0.9903774313587081 0.0060471096417625955 -0.13826053638078734 -4.4992787771275715 -0.006097424245014897 0.9999814087575041 5.9639988492222486e-05 -1.0915695114734647 0.1382583265951778 0.0007839670480477845 0.9903958908046646 54.52344044758223
0.9903149227802229 0.006641823975983445 -0.13868035150326405 -4.666348245195551 -0.006225560934362148 0.9999747206895397 0.00343516708829148 -1.1158525209517116 0.13869966153473265 -0.002538534251096221 0.9903312373817174 55.706744948029254
0.9902777325017837 0.007635079945040966 -0.1388946293610876 -4.838159499353151 -0.006970643299551427 0.9999618201294036 0.005269574506119671 -1.1383102524508153 0.1389295600047431 -0.004250157375669869 0.9902931452449659 56.915050436225606
0.9902059311196225 0.006663492149035446 -0.13945541168379408 -4.999139671527201 -0.005714856635091483 0.999957736578931 0.007201768503414439 -1.1584920771445426 0.13949750674889186 -0.006334266201870946 0.9902021625317344 58.06605605870159
0.9901262097722081 0.007904637384393785 -0.1399557266778927 -5.166207098916479 -0.007012932190035621 0.9999518552634273 0.006863376524852537 -1.1765222902621009 0.14000324104896197 -0.005814108963992598 0.990133975092632 59.2224810146904
0.9900822566505355 0.006691119746669164 -0.14032944802254946 -5.3324688312249275 -0.0060097272943153415 0.9999680078275656 0.005278872911146627 -1.1959255650319998 0.1403602801494271 -0.004383176690462134 0.9900907935732312 60.39848858878988
0.9900193373047587 0.00726139183938402 -0.1407443922548828 -5.501161748395175 -0.006945058464892217 0.9999721326364963 0.0027386334788007598 -1.2162598490842271 0.14076035637053724 -0.0017338220689870805 0.9900421788668748 61.566713052432355
0.9899342409711607 0.006683680275741238 -0.14137017709127528 -5.676685242331191 -0.006631913013299061 0.9999776580564156 0.0008373277643288295 -1.2391483098952387 0.14137261503781745 0.00010865529231907832 0.9899564495023976 62.79190451987967
0.9898334222144084 0.004288470920843189 -0.14216682202423034 -5.851431670603899 -0.004660186981674491 0.9999865379422903 -0.0022817956708242795 -1.2639017950964857 0.14215512275188666 0.0029211215908693756 0.9898400820961154 64.02733312250763
0.9897672296585511 0.0018129702780395874 -0.14267986624889858 -6.022009472054055 -0.0024521089811935406 0.9999877320536847 -0.00430382430726439 -1.2890447428620455 0.14267031315440862 0.004609650843002635 0.9897595328480175 65.2318268573882
0.9897160866209925 0.0017667242370939943 -0.14303477398553816 -6.192452008254996 -0.0021084777402468387 0.9999952733497781 -0.0022377666806426646 -1.315458803811801 0.14303014439356074 0.0025163393189662547 0.989715133677962 66.41236753512382
0.9896812980100691 0.0013118803285483943 -0.14328017078125063 -6.3651122148071595 -0.0007374940036961271 0.9999914786295617 0.004061867901916769 -1.3413731030377074 0.14328427852243708 -0.003914286430714709 0.9896738320729916 67.61484109226846
0.9896661882663254 0.0006419318506873724 -0.1433890641781908 -6.539348673968189 0.0008176988893204421 0.9999484536003657 0.010120351315994864 -1.3638504391731745 0.1433881695640358 -0.010133018589335964 0.9896146496305219 68.8280469177942
0.9896110560880845 -0.0009200441966597815 -0.14376755957759846 -6.7115245285389635 0.002587944998197714 0.9999315001050273 0.011414799095547013 -1.3820377740077991 0.14374720939520344 -0.011668273924689568 0.9895456488584582 70.02533846913994
0.9894785910050565 -0.004502087705513158 -0.14460929827966335 -6.881341498563615 0.005699826133746962 0.9999527915647716 0.007869347105160905 -1.399425914455217 0.14456704301011994 -0.008610798343261594 0.9894575403862459 71.21758457891099
0.989258515064852 -0.0060408175474048606 -0.1460516993911395 -7.0549693911136915 0.006812422256493665 0.9999653539098018 0.00478350112782603 -1.4192058773975105 0.1460177430132382 -0.005727085070055162 0.9892653937250195 72.40375523979397
0.9890043059701986 -0.0038020206271371895 -0.14783784160881436 -7.231114810488127 0.003995921948272323 0.9999915015651566 0.0010145960981115172 -1.4404004306365072 0.14783272770325728 -0.001594188385922729 0.9890110935592189 73.5512680824627
0.9887173131810005 -0.004855768794821306 -0.14971471579490978 -7.399000662760634 0.004464115030972756 0.999985678710257 -0.002951957210409364 -1.462341083078903 0.14972690570879255 0.0022503074885633603 0.9887248301843513 74.66610477283719
0.9884291260848259 -0.0026386210953933714 -0.15166047733637858 -7.5704282933896465 0.0019836913847406036 0.9999880440590485 -0.0044695310093925 -1.4853811261290477 0.15167045749147529 0.004116967047325046 0.9884225426944971 75.75807424306811
0.9881171101895363 0.0031887702810488522 -0.1536698028070917 -7.748462902301444 -0.0032755913265975845 0.9999945866252948 -0.0003118037238532587 -1.509160435614583 0.1536679766644206 0.000811458067795088 0.9881222062496442 76.84498809531847
0.9878322720835354 0.00461078344664231 -0.15545463295213932 -7.928034191817619 -0.004310688157164753 0.9999881381572427 0.002267490334797244 -1.5314636557233965 0.155463243880629 -0.0015697836841070448 0.9878404302220549 77.97038973812842
0.9875997637005386 0.004245257911545041 -0.15693528769496395 -8.113177082454012 -0.0038883680327832003 0.9999891092869976 0.002581065949230003 -1.553220664654259 0.15694453584842746 -0.0019388379656663333 0.9876055151601079 79.13568584262273
0.9874174773086783 0.00257102785842998 -0.15811424768537913 -8.297603088933261 -0.002055596846191156 0.9999920276811753 0.0034233164757137033 -1.5745323886372757 0.1581217885902137 -0.003055223369598519 0.9874148902984962 80.3012709826356
0.9872840153316902 0.002276432417291382 -0.1589499635922617 -8.483304644643724 -0.0015385694985535806 0.9999874636440096 0.004765014030882334 -1.5955721728368821 0.15895881817134272 -0.004459866619742112 0.9872751408372957 81.45567154968145
0.9871565598166904 0.00017368362116976018 -0.15975573931747447 -8.662952455914487 0.0008884120806522386 0.9999779779677784 0.006576800395582286 -1.615399142509117 0.15975336345394464 -0.006634260581867256 0.9871346663204981 82.58591765355388
0.9870416451784225 0.0002472825745013432 -0.16046410668681396 -8.8447925690755 0.001172932495478389 0.9999609785442334 0.008755890486697695 -1.634166019417868 0.16046001032291496 -0.008830642116083098 0.9870028393307613 83.70401033159766
0.9869772763004543 -0.0009935816191705333 -0.16085667179852514 -9.035135411783621 0.0022424237548666856 0.9999687393037576 0.007582344686952508 -1.6518604311596976 0.16084410962865892 -0.007844310729069444 0.9869486507346501 84.88021922471466
0.9868983044511488 -0.001261372954086992 -0.16133860545360537 -9.237447090159662 0.0018960155271911887 0.999991059425967 0.0037797080902913626 -1.6711486463375653 0.16133239537230007 -0.004036088006704262 0.9868918725965042 86.11450030392793
0.9867800166614359 -0.0007879042419813619 -0.16206349966774714 -9.44777936833881 0.0009969436349310482 0.9999987727622989 0.0012085434539778482 -1.69357536481692 0.16206234856079693 -0.0013541347041007511 0.9867795911439186 87.38705503555903
0.986673150760828 0.0006194550456226939 -0.162713582233147 -9.661342727298296 -0.00017484936656894887 0.9999962123890289 0.002746749950513947 -1.7185878229523843 0.16271466742551427 -0.0026816940612401276 0.9866695219381024 88.67092164180886
0.9865487865643578 0.0020402975069584656 -0.1634543633999147 -9.865193157926806 -0.0008875657580717143 0.9999742227223689 0.007125034583335316 -1.7406624064102583 0.16346468718170737 -0.006884117726457396 0.9865251669205967 89.89064086557234
0.9863898246636853 0.0042237028834996885 -0.16436932236245194 -10.054582248080095 -0.0023880292301467518 0.999932576317462 0.011363984139097592 -1.7590789692158084 0.164406238070019 -0.010816799576104465 0.9863334049552368 91.00865699925001
0.9862253702929807 0.0051006715589130905 -0.16532846742202725 -10.23954482418407 -0.0030554206135372996 0.9999156611159615 0.012622799210085016 -1.7734798661100728 0.16537890855651055 -0.011943776817734293 0.9861577778428671 92.09964766729239
0.9860908704245404 0.004624910488567643 -0.1661427261975085 -10.4312712812839 -0.0029307932854929506 0.9999412016703613 0.010440481442250788 -1.7874287662191322 0.16618124357485511 -0.009808333446667226 0.9860464445850965 93.23293793358589
0.9859354125057841 0.003864899278827757 -0.16708209036461466 -10.628006299455294 -0.0023262331838469286 0.9999530777338714 0.009403774227780565 -1.8033125474162754 0.16711059513453713 -0.00888284211934545 0.9858981408389307 94.39499077323455
0.9857274246435964 0.004432343422042185 -0.16829081566528495 -10.822501158603202 -0.002901238070975009 0.9999521466435279 0.00934276407976661 -1.8192822132866702 0.16832417272380532 -0.008721167053997517 0.9856931135612437 95.52316481298897
0.9855791431613712 0.0029286956408226214 -0.1691897612361221 -11.015909046877553 -0.0012958334077065028 0.9999515237860539 0.009760681007133652 -1.8353831725648269 0.16921014562097667 -0.009400681878830641 0.985535161117622 96.65985263878343
0.9854681477992133 0.0017124426242828316 -0.1698516918180135 -11.21710125730634 0.0002537795140009632 0.9999332212767663 0.011553725936773727 -1.8516405415672534 0.16986013443165895 -0.011428933778894 0.9854019049116621 97.83703220883838
0.9852513525178833 0.0011830421053116399 -0.17110924221985815 -11.4186242249444 0.0013067111311445164 0.9998949228120299 0.014437307253749084 -1.866727681357604 0.1711083424842192 -0.014447966849922979 0.9851462791820325 99.00176566471495
0.9848965369288378 0.0010667926610798228 -0.17314061770421244 -11.6088293859811 0.0016568576676205349 0.9998771648904818 0.015585568749211322 -1.8793134093945287 0.17313597652783574 -0.01563704204718439 0.9847737895312628 100.07923720412657
0.9846531490749066 -0.0005069327114657378 -0.17452197293204072 -11.796203453784946 0.0033323792922229528 0.9998680819716471 0.01589697778157567 -1.8914119896572688 0.17449089163941695 -0.01623458264203899 0.9845249448649421 101.14532198545164
0.9844873489267697 -0.0010934204030459526 -0.17545217079010073 -11.99745722553043 0.003849696960008802 0.999874464029421 0.01536997121627094 -1.9039619356348658 0.17541333939142897 -0.01580697990430499 0.9843679696891041 102.27601098224147
0.9842036333590883 -0.002214652129238745 -0.17702627883653746 -12.194589303345216 0.00485575808936884 0.9998832607417184 0.014487460159776191 -1.9156374651695731 0.1769735282355603 -0.015118207712888205 0.9840994919719267 103.37621220565032
0.9838768815766412 -0.0024908182642903644 -0.17882974507445196 -12.392548680041672 0.005176044599145836 0.9998807380577639 0.014550540311733334 -1.9279173343048222 0.17877217474016177 -0.015241570963322711 0.9837724350952508 104.46285912814913
0.9835507851573891 -0.001697433290798567 -0.1806238404433421 -12.59625727299564 0.004713784271475529 0.9998564957500409 0.016271697646064114 -1.9408666516473754 0.18057030003331304 -0.0168554628137654 0.9834176427740197 105.56267981694575
0.9831410967881182 -0.00039772498476192024 -0.18284809438735697 -12.792759828049643 0.003637627870756844 0.9998422689101986 0.01738404337243157 -1.9520262786866451 0.1828123394897765 -0.01775610079204289 0.982987471646986 106.6020313706064
0.9827041046497272 0.0009829288749094495 -0.18518011922288097 -12.983918381135265 0.002615899631079574 0.9998124543123726 0.01918888404739863 -1.9629771008703585 0.18516425079829466 -0.01934140772258478 0.9825172314894084 107.59755466009793
0.9822580805720398 0.0028623857521935716 -0.18751231932524698 -13.175445246403656 0.0009740230151328817 0.9997921543246542 0.020364170251384036 -1.9727719249277405 0.18753163581138474 -0.020185512098210526 0.9820511344483218 108.57581402084085
0.9817559106856995 0.005177475638324199 -0.19007505249164824 -13.358365418235334 -0.001144888562639948 0.9997720592982159 0.021319443632001927 -1.9819898746884463 0.19014210755081976 -0.020712875044607688 0.981538056187082 109.48846583459569
0.981254799438189 0.006662789064547276 -0.19259965166478363 -13.535322208777904 -0.0027364873397737427 0.9997831314749076 0.020644651977229124 -1.9907598250710399 0.19269543382382986 -0.019730617326961734 0.9810602287950211 110.3623042642021
0.9807808294025387 0.007489147080606149 -0.19496891381055748 -13.72799374186613 -0.004179945546247207 0.9998402386387969 0.017378873782211313 -1.9997563515651833 0.1950679182533459 -0.01622990679926021 0.9806554427491795 111.30724004254517
0.9803394646788278 0.009366416358197318 -0.19709592648715338 -13.933147583508905 -0.006811052264528141 0.9998837873415956 0.013638965447217318 -2.0100474449525296 0.19720076967465022 -0.012028385428868502 0.980289331974849 112.29583896181539
0.9801727051831614 0.01075085511124875 -0.19785319590114273 -14.137001849210963 -0.00874098225276509 0.9999009735488761 0.011028976618907222 -2.021787024386767 0.19795217413096522 -0.009080870573931418 0.9801696151924112 113.28063939056089
0.980374136579802 0.011455744691401244 -0.1968129016070056 -14.334871082504382 -0.009693474128313383 0.9999038594370279 0.009915061384288859 -2.033965103344873 0.19690756431566375 -0.007812668973912158 0.9803909288231777 114.25126509826163
0.980523514622463 0.013952673494970104 -0.19590548786277287 -14.541679482257933 -0.012134005821210424 0.9998714534772918 0.01048057364521299 -2.0462645334437943 0.19602653691564115 -0.007899330575729873 0.9805667735556373 115.25841396310362
0.9804148657914211 0.018350064388017027 -0.19608662899887044 -14.758582533947552 -0.016203808230010875 0.9997900173393027 0.012544234831794695 -2.0594986240070488 0.19627564172364886 -0.00912120417630311 0.9805063365936704 116.29816581831557
0.9803005600439811 0.020702898306213465 -0.19642352705105076 -14.974345877777377 -0.018308741056076907 0.9997344024056565 0.013996951365914685 -2.071483498841884 0.19666113489552003 -0.01012495176881556 0.9804192385777021 117.34526088398444
0.9800961082764712 0.022582041718984487 -0.19723506263621843 -15.189669603640398 -0.019658801003487162 0.9996661483178628 0.016766736427440372 -2.0828639808531393 0.19754784252027752 -0.012555608273755951 0.9802128374064764 118.38976019727967
0.980801692897233 0.02239567605078394 -0.193717507995912 -15.378838970352927 -0.018934493312206344 0.999626618021151 0.019700495085140508 -2.092354628266434 0.19408638327540653 -0.0156543360708136 0.9808595299986895 119.33623478404134
0.9823453953237882 0.022544214852952944 -0.18571290386726033 -15.5448980185886 -0.018871338634232803 0.9995902666212589 0.02152141849848215 -2.1007112167583837 0.18612199457425388 -0.017636815265194394 0.9823683351386073 120.21314062482698
0.9839186209637206 0.022665058540191494 -0.1771734812047661 -15.70047897106553 -0.01897994660114869 0.9995674074576617 0.022466855039821865 -2.1083837035675543 0.17760604986278913 -0.018742813815767326 0.9839231667068318 121.07257895876671
0.9858008648715402 0.022860955751576525 -0.1663551367425827 -15.845626688871322 -0.019472087823554644 0.9995688961138984 0.02197406920505131 -2.1162825295690006 0.1667857686204395 -0.018422774594535708 0.9858210328259 121.93071038043647
0.9877241632518422 0.02218561336244861 -0.1546246289831484 -15.98343016463306 -0.019393726738984693 0.9996209405417555 0.01954120246003889 -2.124135162188958 0.1549995506174712 -0.01630257004716073 0.987780018788716 122.81919371717909
0.9896740388528252 0.021507369901266865 -0.14171354861361002 -16.11431161504677 -0.019429652366064813 0.999682729864419 0.016028980621083967 -2.1323858067677586 0.14201332835218622 -0.013110021004838015 0.9897779255568308 123.73883838181999
0.9915240449896535 0.01934081587710402 -0.1284756827129517 -16.23426562590802 -0.01799246327774933 0.999770277809184 0.011647440686266958 -2.1416849262901976 0.1286714400034054 -0.009237123499727957 0.9916442588332256 124.6947466612614
0.9931948236814818 0.016749638276358288 -0.1152540317295538 -16.344442438634715 -0.015764385860328734 0.9998310313481852 0.009454781418157499 -2.1530326963345363 0.1153929215799329 -0.00757353093541066 0.9932910526519477 125.67907236182411
0.9952638986878285 0.013639485539735565 -0.09624830597424025 -16.42637625137298 -0.012895307584564196 0.9998819900417052 0.00834967260035594 -2.1648569453304964 0.0963508329543608 -0.007068976194966143 0.9953223329979854 126.59939121845983
0.9973762632471103 0.009977160570069685 -0.07170108631105936 -16.470706286926283 -0.00947763309483914 0.9999284129791441 0.007303655791743661 -2.175241862676182 0.0717688231904813 -0.00660493633305482 0.9973994239189666 127.40150046793276
0.9991021611563183 0.0059561945482968295 -0.0419451465520575 -16.47755045594696 -0.005749256586948322 0.9999707090121774 0.005052441625149114 -2.1833808796453664 0.04197401126254417 -0.004806751936697711 0.9991071401578252 128.04349436583348
0.9999319108420399 0.0017907306704373883 -0.01153113018961107 -16.45884671907375 -0.001732942503415652 0.9999859004892286 0.0050195351400483005 -2.1898199174783106 0.01153995624184353 -0.004999210578509287 0.9999209155245858 128.60841712773794
0.9998728312868391 -0.0006080462799458382 0.015935856869296664 -16.430261812952207 0.0005369635290374592 0.9999898901123989 0.004464453287535159 -2.195811808682337 -0.015938410353788283 -0.004455328574812862 0.9998630491835782 129.16774475716358
0.9988319203960719 -0.0003321254690260677 0.048318572935932384 -16.385082212376787 0.00012500207312552292 0.9999907918995802 0.0042895792949587015 -2.2027696908803356 -0.048319552692195906 -0.0042785288030873884 0.998822764567821 129.74140367107213
0.9965370345464553 0.0016669875370675916 0.08313338637338208 -16.318157299524604 -0.0019747811105809672 0.999991496738754 0.0036203162496938114 -2.210485465796869 -0.08312664444641106 -0.0037719494606590154 0.9965318526672111 130.36432457207815
0.9924724683305514 0.00220245650025162 0.12244814735726137 -16.223627656753266 -0.002885206808841922 0.9999812640932723 0.0053988002452548395 -2.2199110762849994 -0.12243396255749986 -0.005711448833916924 0.9924602280014474 130.9839550970364
0.9856961733081361 0.0005532330095950177 0.16853114803778227 -16.09615565969743 -0.0017725523080101137 0.9999733327268875 0.00708462372989432 -2.228941591937753 -0.16852273432392179 -0.00728201677531083 0.9856708681135261 131.56704678976826
0.976733266122741 -0.0022417071114909375 0.2144460342333879 -15.947820075835805 0.0009185761277645512 0.9999799249187059 0.0062694479400880925 -2.237579856644708 -0.21445578347785016 -0.005926593355568183 0.9767157173016607 132.0909063457305
0.9655614964180242 -0.002005431142618057 0.260167205621531 -15.791834857344421 0.0010406247064365707 0.999992062290993 0.0038460961017060947 -2.246165536406963 -0.2601728535708599 -0.0034429058853565537 0.9655559189730332 132.5522177024848
0.9520631673310094 -0.0002948445971283892 0.30590135416226494 -15.616088497731452 0.0003642978897287798 0.9999999192008537 -0.0001699568463316515 -2.25439477648598 -0.30590127933483935 0.00027324887121458135 0.9520631978163847 133.0005688233124
0.9365850582934763 0.003236139591517864 0.35042539288976693 -15.426299250268423 -0.0016294511972173458 0.9999867665326156 -0.004879718069334847 -2.26202168911379 -0.3504365469955998 0.003999269956444115 0.9365779371571882 133.42655779276905
0.9180656643804694 0.008512806397129945 0.3963369374823523 -15.218614860521933 -0.00555728356495227 0.9999475354480403 -0.008604821367424775 -2.269626291822797 -0.3963893950208858 0.005697234296705893 0.9180648065558021 133.8400033490612
0.8955272415389335 0.012860830099631142 0.4448208164090505 -14.969112499639452 -0.008677872735080227 0.999896918449952 -0.011438837313265936 -2.2788125050127963 -0.44492207653302585 0.006383691990849444 0.8955465338496393 134.27772704745374
0.8700107025692815 0.013370657789117297 0.4928515019001043 -14.671213777864851 -0.008322404655957037 0.9998880486334722 -0.012434941925273056 -2.2891527872849884 -0.49296258985408303 0.006716822926706181 0.8700245797068744 134.73699463417174
0.8421270802407134 0.010954639181817868 0.5391678556865608 -14.343295700157942 -0.005292279078253094 0.9999133920922272 -0.012049900280454691 -2.3000716847882963 -0.5392531617963923 0.007294120578054498 0.8421121203839687 135.1815553070605
0.8115763294013664 0.010549326532321036 0.5841511561788745 -14.006082097412087 -0.005608560158913177 0.9999315754627771 -0.010265887466122302 -2.311376085638009 -0.5842194841053707 0.005055304366475127 0.8115799641991006 135.59489150234623
0.7789630343310087 0.008790049193908517 0.6270082345400201 -13.650924919913843 -0.005232064771640259 0.9999580487396934 -0.0075183947040053205 -2.3227074747205925 -0.6270480178136677 0.0025760038564649735 0.7789763459567167 135.98272712292115
0.7448384848877059 0.007724798838547594 0.6672000891135184 -13.278116213647833 -0.004816379492903929 0.9999691761656628 -0.006200742466905211 -2.3340474014897743 -0.6672274229367101 0.001405062797358502 0.7448527316723544 136.3487481240888
0.7098369631970881 0.0028128398970735406 0.7043604003710356 -12.87589676867646 -0.0022937953572954453 0.9999959549830828 -0.0016818205393806698 -2.3457399321393955 -0.7043622819132149 -0.00042184023191739093 0.7098405439736619 136.7041585027782
0.6746468154577524 0.003391840468863174 0.7381328944105822 -12.447265286495623 -0.005366741931229216 0.9999855508681977 0.00031005784365827256 -2.3577902500151193 -0.7381211773643631 -0.0041705482920846295 0.6746552705294658 137.06283110517467
0.6388513560891985 0.008260964012600468 0.7692858384869508 -11.993601546020056 -0.010036384332985484 0.9999467463335011 -0.002403224201103224 -2.368975798854047 -0.769264724144107 -0.006185545297116883 0.638900245121932 137.41328912019117
0.6028793897906515 0.013395737954937037 0.7977198728690983 -11.505852624243701 -0.012043717528499474 0.9998979108555223 -0.007688740784477497 -2.3807784771337803 -0.7977414306864984 -0.004972129463301665 0.6029791768335412 137.75329007663777
0.5686057873088637 0.014779266589738247 0.8224773747149112 -10.957760741141959 -0.011332138774677345 0.9998844473238652 -0.010132849087736364 -2.3942521585918146 -0.8225320913311859 -0.003558831116087456 0.5687075640884588 138.1049758448379
0.5382230179053572 0.012118975690255225 0.8427153216982973 -10.36312399774312 -0.00438458218163649 0.9999233431742008 -0.011579430660317318 -2.4085071034872363 -0.8427910526553649 0.0025373615319113875 0.5382348960821051 138.45039585788203
0.5123133345639128 0.009487462062904515 0.8587461995791339 -9.768333414532325 0.0025221055673842314 0.9999180425509119 -0.012551779342193274 -2.421860621589209 -0.8587949034615352 0.008596292500438064 0.5122474182889902 138.77491012286737
0.48627535645223013 0.009645383160087983 0.873752393010141 -9.20034250031924 0.0064876622999480585 0.9998716614020906 -0.01464824094900913 -2.43411749465499 -0.8737815447496786 0.012791689048498879 0.48615037256609006 139.06643603580144
0.462084180868758 0.009768498917352547 0.8867822653953711 -8.630250017115046 0.004613313756630559 0.9998993260292306 -0.01341846274609024 -2.4464379529775613 -0.8868240677423158 0.010291464190629547 0.46199259586900443 139.35028356370753
0.44314740764741517 0.009130414729887707 0.8964022593803697 -8.08898110793185 -0.00243383760083801 0.9999566992634883 -0.008981983778493149 -2.458078426204069 -0.8964454537393247 0.0017986453026142787 0.4431504409849629 139.6178349569483
0.4281807208956623 0.007474766828537552 0.9036622146101528 -7.517558670700793 -0.007776904833053569 0.9999592415882766 -0.004586383478419291 -2.468846523920829 -0.9036596649206404 -0.005063894060156083 0.428221399479824 139.8896705742758
0.4165670761310472 0.0040604331073021286 0.9090959157133022 -6.87084492099576 -0.004861084274778367 0.9999856784107658 -0.0022389356910475066 -2.4823737368701893 -0.90909198706363 -0.003486524965674084 0.4165808483360223 140.17694937276946
0.40615783759702656 0.0019348170497689558 0.9138008904796967 -6.2119153814367865 0.002591229373677615 0.9999912994279588 -0.0032690363579274814 -2.4968645312122417 -0.9137992648765019 0.0036956124472656377 0.4061492902367298 140.45293893453712
0.3997458606716185 0.0017714492146415411 0.9166243008144516 -5.4613426236975515 0.0077184290608006 0.9999561746387068 -0.005298552137300814 -2.513538646743279 -0.916593515539323 0.009192973925681068 0.3997146688597524 140.76948929697951
0.39849184289443274 0.0061412528533966665 0.9171513158470551 -4.5928155203796335 0.008675591772816092 0.999907606390438 -0.010464835876905753 -2.5352742267841326 -0.9171308441296611 0.012126982144366142 0.3984017457919583 141.14569581970494
0.39877523418076216 0.01204469042675332 0.9169695949357302 -3.738802314584716 0.006248756565300511 0.9998548405035986 -0.015850897858005523 -2.5586157580157716 -0.9170274072488019 0.012050865281837119 0.3986420838302113 141.52158450831746
0.3993902806925674 0.01211537637452016 0.9167009443344166 -2.9374921620270413 0.007448599268084803 0.9998367908454678 -0.016459345089457882 -2.580576277857494 -0.916750741508972 0.013401840438316432 0.3992348539589326 141.86951140129958
0.40005753290218365 0.006315506762756548 0.9164682671770711 -2.082713740667783 0.012204394164346327 0.9998508806267622 -0.012217580487309152 -2.604844730653323 -0.9164087642156714 0.016072675079531234 0.39992079963973914 142.23550582945265
0.4009109163980284 0.004622571826582594 0.9161053809156436 -1.1638692784933062 0.013135367363879822 0.9998554704140621 -0.01079353543954225 -2.6311702914709825 -0.9160228704770986 0.01636062690659556 0.4007922537301766 142.63685407959605
0.40155968685372595 0.003587259628777978 0.9158258292177004 -0.3002939332206561 0.013151107102350347 0.9998666372299111 -0.00968277524916644 -2.6552437885483853 -0.9157384267769451 0.01593233576407112 0.40145895730595044 143.0163357376755
0.4021024984475003 0.006032669909853877 0.9155747853867715 0.5998934779931737 0.009078280116670683 0.9999028691545975 -0.010575305504896389 -2.680732836296924 -0.9155496521611464 0.012564201134866225 0.4020086756245958 143.41948682780873
0.40291222886572303 0.008014786614025247 0.9152035287442806 1.5061511490676458 0.0078161914075145 0.9998950587051983 -0.01219748862692851 -2.706193776765834 -0.9152052463695407 0.012067923286738095 0.40280730162847 143.82128469959667
0.40211866154242065 0.008663995153045242 0.9155465674815875 2.276343177750849 0.00706382666167383 0.99989610961273 -0.012564725791541775 -2.7265365683819653 -0.9155603117174869 0.011519772971322726 0.4020156843189869 144.16170122060677
0.40055236227251906 0.008714929532827907 0.9162324241594703 3.0480396576865334 0.005360064362869645 0.9999153705552011 -0.011854173841996545 -2.7463750133705878 -0.9162581922078112 0.009659282100043678 0.4004717511652742 144.50284609589042
