1.0 0.0 0.0 0.0 0.0 1.0 0.0 0.0 0.0 0.0 1.0 0.0
0.9999995492642878 0.00047404347397996113 -0.0008226505978926875 -0.0028349669408487266 -0.0004743019115457487 0.9999998382253462 -0.00031398563358270493 -0.02486563137491571 0.0008225016219681484 0.0003143756768092815 0.9999996123294328 1.1818694234718015
0.9999990655004107 0.0007192015255879527 -0.0011626467524846011 -0.005547820478191677 -0.0007197949929734187 0.999999610842769 -0.0005101073206866037 -0.0509769413784059 0.0011622794300689587 0.0005109437113025571 0.9999991940212005 2.4082918336525285
0.9999987783599056 3.434232451922733e-05 -0.0015627217607165676 -0.007192660631409992 -3.370894776382815e-05 0.9999999172864018 0.0004053281338666716 -0.07776693859027022 0.0015627355513685378 -0.00040527496099537064 0.9999986968040522 3.6538233830003723
0.9999975248446317 0.0006860973175438679 -0.0021165006688363365 -0.011672893924789022 -0.0006846992294965479 0.9999995469876225 0.0006612197172071065 -0.10405599833337656 0.0021169533711096196 -0.0006597689142083929 0.9999975416036803 4.910233531549564
0.9999960747583183 0.0006805390808542174 -0.0027179651424286007 -0.01573022208331591 -0.0006782937843649417 0.9999994280511405 0.0008269310329533196 -0.12990176409618875 0.002718526346776634 -0.0008250842081869316 0.9999959644171325 6.162180234565023
0.9999939369852606 3.9968421099370286e-05 -0.0034820102303671175 -0.01984250356955776 -3.8252218937525884e-05 0.9999998777724524 0.0004929420325651024 -0.15559609397389876 0.0034820295068842826 -0.0004928058492326189 0.9999938162873346 7.43318440416082
0.9999912199683378 -0.00020374507206573895 -0.004185507637219111 -0.025575871368132254 0.0002040811295371966 0.9999999759863326 7.986379534293138e-05 -0.1823679696791084 0.004185491264854986 -8.071727726257028e-05 0.9999912375354058 8.739949961603998
0.9999904664855118 0.00035265777491397585 -0.004352306352098906 -0.03294506778668326 -0.0003476960036952685 0.9999992889134794 0.0011407366145105271 -0.2095419164057342 0.004352705546868763 -0.0011392124597560036 0.9999898780234694 10.035338798162291
0.9999919512282426 -5.176628642802046e-05 -0.0040118323723726465 -0.03845693642926693 5.992828890834494e-05 0.9999979288330055 0.00203438892512905 -0.23629295745955833 0.004011718750438047 -0.0020346129730463894 0.9999898831801834 11.340175673959623
0.9999915623652892 -0.001342149242585451 -0.003882503527201708 -0.042331211679271986 0.0013505143280551936 0.9999967709035557 0.0021527409296499293 -0.2632309313328175 0.0038796016906151635 -0.002157966142250549 0.9999901458878734 12.693590142744398
0.9999910193648325 -0.0006876441931263934 -0.0041819056836058435 -0.0495326367887618 0.0006971500177985436 0.9999971758775307 0.002272051675112648 -0.2907517134723536 0.004180331510251166 -0.0022749466862672305 0.9999886746588874 14.068956128711418
0.9999893386445624 -0.0002331848104792078 -0.00461174826442965 -0.05703075981528766 0.00024555209133561877 0.9999963751446356 0.002681305979962679 -0.31784747624223697 0.004611106307682442 -0.0026824098180376348 0.9999857710868622 15.442880075863915
0.9999863719224581 0.0011326423920252002 -0.005096380143872079 -0.06662962218894103 -0.0011203132017205285 0.9999964408292049 0.0024214101781576676 -0.3441344733171841 0.005099104596800977 -0.0024156676370358336 0.9999840817143927 16.81136331717875
0.9999837964797789 0.0008719211770194344 -0.005625524984318131 -0.07437230029103166 -0.0008559033594362933 0.9999955749462385 0.00284912572197759 -0.37021244821056926 0.0056279843041206245 -0.0028442646503786715 0.9999801177779838 18.16319631040197
0.9999814951529785 0.0006082517342282424 -0.006053047285584173 -0.08300024421198123 -0.0005885270683299146 0.9999945133879057 0.0032598818957465135 -0.395844141617574 0.006054996903678197 -0.003256259189957278 0.9999763666150234 19.51915048677635
0.9999785471920197 0.0007683092026414582 -0.006504987064303859 -0.09268077089339773 -0.0007450497026709875 0.9999933238554478 0.0035773098094346763 -0.4217709499585327 0.006507692116117196 -0.003572386527416111 0.999972443619233 20.88396222813049
0.9999746825808855 0.000984559264223498 -0.007047328594021211 -0.10316004103651587 -0.0009625656282595381 0.9999946584090816 0.003123558981944711 -0.44718822598473595 0.007050366279007818 -0.003116696385217182 0.9999702888281099 22.252892777392997
0.9999677043985133 0.0014633584078013395 -0.007902451653567427 -0.11525130427574176 -0.0014473089603561484 0.9999968794206616 0.0020362823257926007 -0.47258720022480594 0.007905406804202183 -0.0020247792737431033 0.9999667018516927 23.62052120843281
0.9999574022615338 0.002495921480773505 -0.008886171184834873 -0.12931849320511848 -0.0024740069189848513 0.9999938736420101 0.0024762811251485013 -0.49841121937925836 0.00889229734822173 -0.0024541911921781984 0.9999574510915266 24.959012405080102
0.9999467669602983 0.0029981805478758016 -0.009872900234928038 -0.1438247235730231 -0.0029710154471782654 0.999991763888762 0.002764999431039498 -0.5228310101909679 0.009881108888132492 -0.00273551970260859 0.9999474389282155 26.26298054780034
0.9999394399551269 0.0024348424441130766 -0.010732565606580756 -0.1570551819035259 -0.002416588517637615 0.9999956121045565 0.0017134385220237706 -0.5459763147413692 0.010736690466043834 -0.0016873985613003336 0.9999409363377078 27.51801969197287
0.9999358384735728 0.0022978382982968494 -0.011092289002184844 -0.17171460053452725 -0.002274239425382111 0.999995124859754 0.002139647578519546 -0.5692674476246986 0.011097151489871086 -0.00211428377449839 0.9999361894805747 28.76707726572137
0.9999386041451311 0.0011741461154328595 -0.011018589800279898 -0.18486012737772903 -0.0011299496188708373 0.9999912956207795 0.004016453228039885 -0.5929907306293227 0.011023209793251318 -0.004003756183115088 0.9999312270262793 30.041946510863124
0.9999388385651257 0.0012111610364908638 -0.010993280582773487 -0.19978251268602337 -0.0011639336854024226 0.9999900715523099 0.0043014015368479964 -0.6152943774590655 0.010998381126506007 -0.004288343007374661 0.999930320435803 31.31997032971893
0.9999401545114047 0.0008931655746149611 -0.010903653101816417 -0.2137719094752857 -0.0008561428800142101 0.9999938547312881 0.00339963513155754 -0.6373608533909976 0.010906622533003922 -0.0033900965937627803 0.9999347742878072 32.59576937248945
0.9999402543225756 -0.0005924895754984644 -0.010914977847268727 -0.22586825118130427 0.0006219226073708108 0.9999961794619597 0.0026933759028361444 -0.659624920830897 0.010913340349035319 -0.0027000032567504376 0.9999368024954578 33.87985070549003
0.9999409988737334 -0.0003928381247562302 -0.01085561834297108 -0.24055622609658694 0.0004229006850805954 0.9999960820042659 0.002767152169198415 -0.6823750670182089 0.010854488767835653 -0.0027715797525380967 0.9999372472406779 35.16472229960222
0.9999431490137485 -0.0010670829923598091 -0.010609433272152611 -0.253573709516854 0.0011025442563007664 0.9999938239243478 0.0033371408905335576 -0.7046167228543855 0.010605806741202692 -0.003348648540499488 0.9999381497954366 36.44565676896916
0.9999433900310309 -0.001031302109546061 -0.010590238392435673 -0.2676728906464437 0.0010714218968027331 0.9999922689401731 0.0037833999264141028 -0.7267343311316025 0.010586254690343706 -0.003794532361567687 0.9999367643685217 37.73314940715908
0.9999404075365543 -0.0020599536282745485 -0.010720912586119534 -0.28022257964623626 0.0020959158571824455 0.9999922115464583 0.0033442462741784676 -0.7485902215255353 0.01071394009454359 -0.003366517112997334 0.9999369370366207 39.02819188220341
0.9999434388109026 -0.001471421451467034 -0.010533475112182049 -0.29499568230660517 0.0015062157997028007 0.9999934336763703 0.0032960458290152146 -0.7705462500227277 0.01052855607343768 -0.0033117250873835494 0.9999390891369107 40.321614875723235
0.9999448275054283 -0.002359663036712686 -0.010235914003774214 -0.307338895631275 0.002400156233767988 0.9999893360294151 0.003945513591736395 -0.7919062165497384 0.010226494765705092 -0.003969863700713641 0.9999398276831488 41.614282972661506
0.9999499318029123 -0.002426498137678674 -0.009708037604963587 -0.31958031248883145 0.0024743926286606975 0.9999848131123122 0.004924522906098504 -0.8128060914889493 0.009695940824426201 -0.004948297840803559 0.9999407497847103 42.87242890494689
0.9999613875987583 -0.002061985250487099 -0.008542337408051492 -0.33162068711163084 0.002111197257698404 0.9999812057829605 0.005755947098000859 -0.8325506156666215 0.008530308183489552 -0.005773759406372195 0.9999469473650152 44.14572106212465
0.9999720617856521 -0.0016260462651961419 -0.007296000390333286 -0.3427123166738387 0.0016643988767513387 0.9999848142302054 0.005253673510991067 -0.8534782123064605 0.007287346878759825 -0.005265670187588849 0.9999595828296985 45.521433481618075
0.9999806878495727 -0.0011173069499142562 -0.006113554864058299 -0.35244040635618795 0.0011481709819382627 0.999986603241397 0.0050472805676753585 -0.8754075005392107 0.006107833600583141 -0.005054202500125182 0.9999685742091079 46.91530267099587
0.9999913202691004 0.0010573046171871673 -0.004030073623253531 -0.36177377409475847 -0.0010319835977381875 0.9999797485634574 0.006279926179389729 -0.8960698587312736 0.004036631803418342 -0.006275712701443542 0.9999721601293576 48.26159333247361
0.9999964540649146 0.0016124454697397379 -0.0021194049179058 -0.36685957265395175 -0.0015927053214126157 0.9999556443218811 0.009282924031336359 -0.9160470924038516 0.002134279119063715 -0.009279515527199356 0.9999546666945578 49.65092451053222
0.9999975721151425 0.0020832415611236102 -0.000718239807163118 -0.36971480837830867 -0.002074511288504401 0.9999264585711791 0.01194880128778333 -0.934778818068346 0.0007430792262297717 -0.011947282280881792 0.9999283525730065 51.05151530665827
0.9999957802649633 0.0026729270027670057 0.001137942664298117 -0.37045892771708683 -0.002689955657990489 0.9998803134409856 0.01523558110856063 -0.9505541762189327 -0.0010970828717083612 -0.015238577833753507 0.9998832842661085 52.38914944858899
0.9999902903028018 0.0030221033924844798 0.0032072092550893497 -0.3683492198969759 -0.0030747284367151164 0.9998586047868765 0.016532285948500095 -0.9626289443023106 -0.003156793493602715 -0.016541986722508645 0.9998581886098218 53.667170672735296
0.9999900173998265 0.001046486912372067 0.004343957393899791 -0.3614026111338767 -0.0011101317368424261 0.9998917018149656 0.014674884977436624 -0.9727662249941018 -0.0043281298761287165 -0.014679560848893743 0.9998828820342222 54.916648255741826
0.9999879999569229 0.0016300431682028374 0.004619837813827926 -0.35756941843265533 -0.001687860653328928 0.9999199603140594 0.012538903139718552 -0.9850602685331932 -0.004599029090060559 -0.012546550314811441 0.9999107125171878 56.19434155857993
0.9999887004905268 0.0018342814074842275 0.004385692988452814 -0.3533172917581236 -0.0018868138609588172 0.9999261673042298 0.012004160684121289 -0.9989266028319002 -0.004363350172161323 -0.012012300029314428 0.9999183295766132 57.45689570278204
0.9999907109143901 0.0015605119131788016 0.004017821238556943 -0.3494149112780261 -0.0016078760051210818 0.9999289386315696 0.011812384259651401 -1.0115584077720412 -0.003999102360321394 -0.011818734691765082 0.9999221593157145 58.65112120077224
0.9999930886383281 0.0010445412191131512 0.0035681380608877096 -0.3456912678158287 -0.0010823953819696036 0.9999429828389839 0.010623534784398278 -1.0242075225260596 -0.0035568378958103827 -0.01062732349746647 0.9999372024779689 59.843447406958354
0.9999954811898552 0.001013915373525044 0.0028301193416577727 -0.3431590367104576 -0.0010431098743309212 0.9999460659636692 0.010333299839525172 -1.0386130645669467 -0.002819489610331847 -0.010336205270735836 0.999942605022379 61.07593861624985
0.9999963160809696 0.0014548099235911504 0.002291582985198332 -0.34224736244471166 -0.0014814021503269542 0.9999310895255422 0.011645670780717376 -1.0522380479834907 -0.0022744828337089066 -0.011649022634971081 0.9999295610189209 62.254289943002945
0.9999975312474156 0.0012342688592135295 0.0018477227767780546 -0.341434045695514 -0.0012566120435161577 0.999925513527165 0.012140359286672297 -1.0635942817340158 -0.0018326006790184391 -0.012142651185823299 0.9999245959555819 63.40690865678491
0.9999976512204863 0.0019241682349003706 0.000997562086830118 -0.34284771872240366 -0.0019358835149987299 0.999927567453673 0.0118790656702794 -1.076373109637154 -0.0009746325100450098 -0.011880968932972382 0.9999289438098526 64.60427709094621
0.9999989043916898 0.001475583309931622 0.0001177680683480528 -0.3436428997518171 -0.001476839703146815 0.9999328246681932 0.011496307910861453 -1.089519922193647 -0.00010079639715989135 -0.011496469239970055 0.9999339083334978 65.83121596539122
0.9999991835563087 0.0008316065005709346 -0.000970215103505396 -0.3450674141990064 -0.000820871187390741 0.9999390148628705 0.011013297669983633 -1.1034547249502562 0.000979314664739336 -0.011012492256622175 0.999938881110785 67.05788389445932
0.9999975091991442 -0.0006103726410792693 -0.002146867660036764 -0.3466456921758141 0.0006316102492538762 0.9999507384473284 0.009905642187045177 -1.1172546592865995 0.002140715769019148 -0.009906973497680995 0.9999486332867884 68.28773107599199
0.9999947033934438 -0.0006047449940798622 -0.003198041362089471 -0.3520235570209311 0.000639351726172334 0.9999411353577694 0.010831299496705266 -1.1320013224930503 0.00319130293637883 -0.010833286800838544 0.999936225707751 69.53663671140299
0.9999918514722824 -0.00015134868178985292 -0.004034114849111573 -0.35931784886426027 0.00020367173986016174 0.9999158277480161 0.012972892384656742 -1.146955557247226 0.004031811858418531 -0.012973608309873666 0.9999077107316271 70.80572554681173
0.9999876478915839 -7.94498204575113e-05 -0.004969683288334917 -0.36725983991190325 0.00013770644047849743 0.999931271946818 0.011723157414143264 -1.1601917145488014 0.0049684103289258175 -0.011723696965827833 0.9999189316280894 72.07185650523701
0.9999805736363193 0.002136202607646359 -0.00585568001178312 -0.3795389449994702 -0.002075608943583753 0.9999444438214323 0.010334462645073102 -1.1751658260709241 0.0058774311986297635 -0.010322107782240075 0.9999294524582426 73.33673086152311
0.999972178814573 0.003993873773543886 -0.006300045168102936 -0.3924171481205572 -0.003925257922764828 0.9999332551839027 0.010866348400746177 -1.1900484311187955 0.0063430234966387 -0.010841316783842517 0.9999211128400666 74.57475189236568
0.9999640062038165 0.005666025252392229 -0.0063152557078570365 -0.404766642841046 -0.005594943122115242 0.999921434433819 0.01121702149752998 -1.2050998479315154 0.006378315473278388 -0.011181284257857325 0.9999171445545232 75.78610483276911
0.9999471185303437 0.008030904050084029 -0.006423762371410015 -0.41882550037403066 -0.007957487161166132 0.9999036505379195 0.011374007166530241 -1.2203758355611716 0.006514487005580352 -0.011322288685718501 0.9999146799792343 77.04691995476267
0.9999524306425934 0.007355901695010274 -0.006405244899717842 -0.42838572526116847 -0.007274005912246283 0.9998926837794948 0.012716515333594565 -1.2354139017128136 0.006498098949740791 -0.01266931862786175 0.9998986263994705 78.308903190743
0.9999407786387157 0.00884336314493067 -0.006343038994703138 -0.4410890751197787 -0.008757095267360997 0.9998705014283576 0.013501616787794563 -1.249929507568357 0.0064616172805115986 -0.01344527060690764 0.9998887299096983 79.5727412548927
0.9999386821733404 0.008773383997209125 -0.006757190739008801 -0.4519475555691962 -0.00868968700682368 0.9998863755237222 0.012317685730652745 -1.2637905221128232 0.0068644907436219175 -0.012258212564366863 0.9999013026251942 80.83044317449179
0.9999575955330143 0.0056752924792127235 -0.007252461038175258 -0.4581983848540397 -0.005626467520797299 0.9999614908839275 0.006734954523397876 -1.278185558608027 0.007290404589065792 -0.0066938631947639935 0.9999510198987049 82.12227707244708
0.9999484200066342 0.006379620197785886 -0.007903022989342418 -0.4717425271941934 -0.006336572630347707 0.9999650170114723 0.0054600916244850525 -1.298113657828492 0.007937579828789159 -0.005409731913824005 0.9999538637492656 83.4942336177866
0.9999477170218161 0.005771431780203074 -0.008441196483120922 -0.48418677253595627 -0.005684996622271477 0.9999315312634793 0.010228078924203056 -1.3194808449917452 0.008499649184816554 -0.01017955599628132 0.9999120624352206 84.86495027698517
0.99994342414033 0.005691668525776028 -0.008986291109614884 -0.49803840930099513 -0.005578525956845927 0.9999054854779063 0.012565833014284194 -1.3366468228072979 0.009056962330872807 -0.012514991833268173 0.9998806660860851 86.19638023774732
0.9999385549276409 0.006339624035661226 -0.009093708611444429 -0.5136704783514192 -0.006245659041617079 0.9999271964598022 0.010324413938710251 -1.3518183950808313 0.009158499460023936 -0.010266983350937814 0.9999053509910403 87.51642527000345
0.9999485040856043 0.005009052146875711 -0.00882601685665718 -0.525328687068454 -0.0049434451747045255 0.9999601068270065 0.00743956345011545 -1.3690097434577027 0.008862929920111477 -0.007395549412550971 0.9999333749416112 88.83121843284692
0.999954862181015 0.004227830985128767 -0.008508762877740347 -0.5369908153505659 -0.004196545743462902 0.9999843814299303 0.0036913276776902792 -1.3886671535464106 0.008524236292563122 -0.0036554536465730285 0.9999569866020582 90.15008126814861
0.9999670941305303 0.0028543418561066923 -0.007593641334251762 -0.5463030857169288 -0.002832823145882701 0.999991946118753 0.002843028430237945 -1.4107071695076046 0.007601695151012738 -0.002821423434982316 0.9999671263599791 91.4668677324321
0.9999893448809707 0.001506771669369243 -0.004363457764840236 -0.5517746115695864 -0.0014863631935452038 0.999987959969131 0.004676605738641213 -1.4319411820951733 0.004370451805709831 -0.0046700702258321595 0.9999795445883396 92.71840988014556
0.99999526730655 0.0027868667833642626 0.0013033564500501635 -0.5540811169595938 -0.002794040205533681 0.9999807797089861 0.005534758525926417 -1.451417361719551 -0.0012879067644700631 -0.005538373961934567 0.9999838337243394 93.92901982935808
0.999983591839891 0.0026239051260871457 0.005092265986993517 -0.5487732212267841 -0.0026416600885211454 0.9999904449022522 0.0034830641933436043 -1.4708352753578993 -0.005083078099902856 -0.0034964590784866165 0.9999809683643717 95.18255496895557
0.9999798463406466 0.0022182032947603023 0.005948654190918948 -0.5417830084446245 -0.0022225802016996505 0.9999972641466024 0.0007292712527693012 -1.4924547991297006 -0.005947020244377508 -0.0007424779163163846 0.9999820406771117 96.4794671409227
0.9999784582868085 0.0015572435389938093 0.006376359063042948 -0.5337989206680788 -0.0015593667949950199 0.9999987303847173 0.00032803072230925607 -1.516450143909048 -0.006375840143797132 -0.0003379667385613871 0.999979617012741 97.77117781429213
0.9999779135544236 0.0007258056224150337 0.00660648238800849 -0.5255245520377144 -0.0007386550727340015 0.999997840064966 0.0019427439585999694 -1.5410179660260221 -0.00660505806394767 -0.0019475809620200818 0.9999762897870987 99.08452348009992
0.9999803812558968 -0.00031795645539111993 0.0062558777966485405 -0.5173682978757035 0.0002966588061334768 0.9999941587777064 0.0034050556562865517 -1.5654398385189359 -0.006256923914102578 -0.0034031329921324943 0.9999746344727822 100.40210716433361
0.999983589956385 -0.0005111462746748692 0.0057060097642280105 -0.5114874281420241 0.0004821789687285883 0.9999869964498578 0.005076852827976031 -1.5891744106242212 -0.005708530580254029 -0.005074018198696016 0.9999708330836141 101.69545102583399
0.9999858492800339 -0.002103940672482125 0.004886171644522001 -0.5044451391784637 0.0020751734958017872 0.999980529475102 0.005885093513313911 -1.6113040068432956 -0.004898458395799369 -0.005874870581110966 0.9999707450725767 102.95053223504804
0.9999864651010802 -0.0034595117323204536 0.0038860511092494608 -0.4988301461820186 0.0034434643053617322 0.9999855484100577 0.004128622605320148 -1.6327754713889968 -0.003900277967973772 -0.004115185246546985 0.9999839264119016 104.2110473896754
0.9999850549049318 -0.004693067124894775 0.002804476376389279 -0.49421576084515284 0.004692259118195386 0.999988947889606 0.0002946235058368298 -1.6564693002738933 -0.002805828068896243 -0.0002814597728116439 0.9999960240467202 105.52459838267183
0.9999881687819905 -0.004634463918607327 0.001477849868092024 -0.49287674390728287 0.004638670403769551 0.9999851636179622 -0.0028557452348555563 -1.683719627623181 -0.0014645930938951247 0.0028625667063554364 0.9999948303261 106.85599691142
0.9999900670321504 -0.004452026268912541 -0.00021283594814857913 -0.49388659115449673 0.004451210994564657 0.9999832898604454 -0.0036887288550882464 -1.7139509751478992 0.00022925470939191787 0.003687744837350684 0.9999931739668514 108.22091373624816
0.999989234440715 -0.004081817284051317 -0.0022067556133905093 -0.4976931572696201 0.00407451724367053 0.9999862458778241 -0.0033024785254381146 -1.7454446494076448 0.0022202053753295143 0.0032934515086104348 0.9999921119015173 109.59542048842246
0.9999833335712061 -0.0040765870542163905 -0.004088278098776175 -0.5035138306968672 0.004070796549198854 0.9999907008175065 -0.0014236902653803497 -1.7757673016225577 0.004094043878437091 0.0014070239891712567 0.9999906295002072 110.94011694612988
0.9999699107542805 -0.004903379555401212 -0.006011194142395307 -0.5104855153992884 0.004901814446792358 0.9999879482028805 -0.00027507113120111296 -1.8032448151038976 0.006012470474864042 0.0002455970962285945 0.999981894776531 112.23990186747137
0.9999581834960072 -0.004660871271794255 -0.007868134363287252 -0.5215293815015853 0.00466455780550448 0.999989019525749 0.0004502537226154641 -1.8299127571723124 0.007865949392799686 -0.00048693626213789704 0.9999689443843904 113.5281389205049
0.9999328357131223 -0.005626297997548737 -0.010132563030242141 -0.5333245870249164 0.005633995372205695 0.9999838615304282 0.0007312830122476763 -1.8552371035433655 0.010128285090034507 -0.000788320709366612 0.999948396864358 114.7980592466813
0.9999058767038559 -0.0049135399098215555 -0.012809951547657746 -0.5508226398555006 0.004920775153742035 0.9999877506763045 0.0005333565750698203 -1.8796532259002936 0.0128071739655969 -0.0005963412650873009 0.99991780695821 116.02213802891066
0.999871452034939 -0.004179395284358435 -0.015479407630943008 -0.57162619789375 0.004177848705590012 0.999991264007166 -0.00013224805492649698 -1.9040342057297412 0.015479825119845948 6.756043157392332e-05 0.9998801780462758 117.23762701048489
0.9998206851130439 -0.004785404713890315 -0.01832205015310646 -0.593351119679045 0.004787402792197005 0.9999885381964844 6.51933094157627e-05 -1.9283729856945522 0.018321528172997363 -0.00015289665334660365 0.9998321350246873 118.43000301152128
0.9997707212161522 -0.0032964741666288815 -0.021157463387854385 -0.6213275269173869 0.0033279105357735665 0.9999934100856697 0.0014507917505959904 -1.951990885391309 0.02115254146445616 -0.0015208692601464725 0.9997751031838574 119.5865475937581
0.9997165371421194 -0.004146342158345876 -0.023444684072953862 -0.6479772335976169 0.00419650293014404 0.9999890090196091 0.0020907422466136063 -1.9747215694300575 0.023435757460171517 -0.0021885352842497307 0.9997229494142779 120.73465159679499
0.9996615629430585 -0.0042851478563696865 -0.02565924944529659 -0.6786724181109346 0.004349501935599641 0.9999875328717415 0.002452740101296042 -1.9970409173808676 0.025648419194155368 -0.002563514958283057 0.9996677382930315 121.90253437024623
0.9995927775465494 -0.004776726729556424 -0.02813293369933328 -0.7114817008265223 0.004842027839131072 0.999985738159516 0.0022534959457311083 -2.0191083297905075 0.028121768137601522 -0.002388798719751836 0.9996016505576092 123.06250412315723
0.9995273209594194 -0.0037872362114549124 -0.030508875717889943 -0.7495986043059689 0.0038522564096870222 0.9999904319849727 0.0020726936739988598 -2.0414112134590447 0.030500734027971106 -0.0021892419671781923 0.9995323468719606 124.22616436054317
0.9994591510098305 -0.004085512186014808 -0.03262995637281886 -0.7872204936850266 0.00413210438906824 0.9999905372082066 0.001360590814503577 -2.063205466696928 0.03262408889198257 -0.00149468532627874 0.9994665750988116 125.35947532514668
0.9994109013764695 -0.002952465690541459 -0.034192589200354756 -0.8270528458204488 0.002981603194032448 0.9999952340487938 0.000801200409257119 -2.0841811471207894 0.03419006072342335 -0.0009026771563708633 0.9994149413140095 126.43744884333879
0.9993752109437992 -0.0013512357353484335 -0.0353180111703578 -0.8692725323982788 0.001374891924180312 0.9999988464828762 0.0006455270079556803 -2.105341121694436 0.03531709817126577 -0.0006936821380818556 0.9993759159504784 127.52454464220459
0.9993414077691545 0.0007652690510765342 -0.03627898952905309 -0.9140654887834331 -0.0007518026229539166 0.9999996433488259 0.00038483118566281664 -2.127336534411145 0.036279271089505065 -0.000357303099347686 0.9993416266841458 128.62988392330357
0.9993248124504917 0.0013881667835485268 -0.03671501346555788 -0.9572038177351714 -0.001386084435481517 0.9999990360085425 8.217011393225865e-05 -2.149462642440209 0.03671509213842121 -3.122452498128031e-05 0.9993257732262795 129.74244726154296
0.9993247147931311 0.0034441364566527963 -0.03658213126242126 -1.0014832211324 -0.00344265822235322 0.9999940686888427 0.00010339972259426341 -2.171286341710112 0.03658227040517206 2.260987669058357e-05 0.9993306444719893 130.83188869381797
0.9993383432823368 0.004891799686616865 -0.03604089262971093 -1.0459187287360894 -0.004857751579784752 0.9999876683149536 0.0010322149078488662 -2.193287157577835 0.03604549757333688 -0.0008564542328121773 0.9993497829042857 131.95697785837194
0.9993517305624446 0.005841744214225218 -0.03552453583635716 -1.0902741815916566 -0.005808532380112835 0.9999825915682486 0.0010380327753151148 -2.216747307105369 0.03552998133185885 -0.0008310144336977301 0.9993682653764697 133.12278416664572
0.9993563634776529 0.009822360605088608 -0.03450188413508995 -1.1410513481898197 -0.009731342914304282 0.999948715186233 0.0028049888574821847 -2.241468325533501 0.03452766632443884 -0.0024674337985005654 0.9994006964319385 134.3612763643407
0.9993658696082394 0.011822179959458386 -0.03358712138871093 -1.1890722429964793 -0.011638575893832229 0.9999162687578488 0.005656768030384507 -2.266204338341156 0.03365118442696081 -0.005262274640519413 0.9994197848012996 135.6419265411335
0.999399351810979 0.010916337918799127 -0.03289025944324093 -1.2319761986758333 -0.010722912998918647 0.999924195870601 0.006051582384311198 -2.2884669464229317 0.03295382734400864 -0.005695268121789595 0.9994406481549605 136.92449748597463
0.9994306856120891 0.010398620609647337 -0.032096313594744075 -1.2756785551074115 -0.010292111325193361 0.9999409727991372 0.0034818618566918435 -2.311062024796821 0.032130625599657424 -0.0031495407499946737 0.9994787157772015 138.2476800314331
0.9994773203823336 0.008665695487375792 -0.03114469076866406 -1.3162789516889823 -0.008540580436600912 0.9999549252408563 0.004148008240467173 -2.3359057508451184 0.03117923230552 -0.0038798464244231166 0.9995062792521946 139.57985868584214
0.9995091365842499 0.007053281101644159 -0.030524369122293876 -1.3557016282263856 -0.00686357262829641 0.9999565031896341 0.006315306765209845 -2.360183644617819 0.030567585043456698 -0.006102700587755753 0.9995140718319837 140.900331416765
0.9995292739499022 0.005216164433560079 -0.030232799172237323 -1.393403279127901 -0.004974004698596767 0.9999549893466921 0.008079514708106786 -2.3822556059789903 0.03027358245145604 -0.007925333384927069 0.9995102297106805 142.19111472727673
0.9995465567831048 0.003597548678445796 -0.029895458962045544 -1.4303564066300192 -0.0033127751181600234 0.9999487216536311 0.009569722268127679 -2.4024555796425235 0.029928353514044756 -0.009466346009882162 0.9995072195583004 143.45739410348875
0.9995434806341081 0.00019657384427126452 -0.030212442479568818 -1.4619146787109008 4.22417319584585e-05 0.9999687643647446 0.007903702327728433 -2.4205402922517947 0.030213052435885825 -0.007901370360450594 0.9995122509549035 144.63730938363258
0.9995151867697301 -0.001880550563056245 -0.031078206934390763 -1.4938698191927653 0.0020757671980438275 0.9999783116427781 0.00625039475570373 -2.437849586477865 0.03106577871575972 -0.006311875604160166 0.9994974125124816 145.7349113297658
0.999473748216052 -0.0025043558884129927 -0.03234122490793212 -1.5302565403833912 0.002724552584489988 0.9999733968354707 0.006766271835208396 -2.4561647242781817 0.032323419376291636 -0.006850826440492903 0.9994539823007917 146.85333490173034
0.999415067517132 -0.0028113698715468973 -0.03408253246426275 -1.5698073959022114 0.003070920914529036 0.999966666420902 0.007565414186204041 -2.474871444991925 0.03406012719396204 -0.00766565369146478 0.9993903869304621 147.99120115417173
0.9993517456060712 -0.0017880617181482174 -0.03595679893144308 -1.6151724969984345 0.002133707316677261 0.9999518656291608 0.00957672793031493 -2.4942157669266645 0.03593794439295172 -0.009647241059318933 0.9993074576389179 149.162264255309
0.9992728676607502 0.0014559316968678678 -0.038100081626695995 -1.6660691622965202 -0.0009934301074971804 0.9999256288437933 0.012155240761491638 -2.5127630080353196 0.038114945279881476 -0.012108552524656502 0.9991999969485961 150.31638185437848
0.9991878663316722 0.0015752197433864246 -0.04026321470432132 -1.7138960024477796 -0.0011313870134298067 0.9999383765288885 0.011043690877620204 -2.529485311472197 0.04027812978518333 -0.010989168646200453 0.999128075090215 151.440764000716
0.9991060765458867 0.0019721837091231 -0.042227459081835166 -1.767202350171832 -0.001603276376688116 0.9999602725953609 0.008768280097879853 -2.5473616241777677 0.04224307415364732 -0.008692739639054634 0.9990695466100554 152.63482844280674
0.9990099906545897 0.0023693740416327 -0.04442324435442526 -1.8243500077874295 -0.002069608899849255 0.9999747875687331 0.006792712703465681 -2.56801294024345 0.044438218813582106 -0.006694049112532452 0.9989897068614668 153.85945082305798
0.9989183623363826 0.000858470702254961 -0.046490519627752976 -1.8821530778900466 -0.0007507117685702493 0.9999969914466454 0.002335279319794713 -2.5901416584616537 0.046492384527421736 -0.002297852413515851 0.9989160015012496 155.11362037598465
0.9988339073265277 0.0005874840552345538 -0.04827504984266535 -1.945960130851239 -0.0006545682214985693 0.9999988420694554 -0.0013738268430281491 -2.616159993354319 0.04827418684214557 0.001403824147130139 0.9988331352946285 156.41391824551934
0.9987604657011873 0.0010128634181810125 -0.04976450803583555 -2.0136569516422713 -0.0011310014578408214 0.999996608930123 -0.002345839713061676 -2.6456497078587953 0.049761963265681046 0.0023992156954150746 0.9987582243846582 157.73593619271492
0.9986987809536036 0.0012842369365238316 -0.05098132655474331 -2.082017924136951 -0.0013900735965198573 0.9999969518473186 -0.0020405860603666245 -2.675685563228981 0.050978550559885115 0.002108798606878365 0.9986975219510921 159.0452663032882
0.9986429644693374 0.00231785478687645 -0.05202746452678246 -2.152026593128784 -0.0024095252371308675 0.9999956532598882 -0.0016993085250670127 -2.7049423913453925 0.052023299626516195 0.0018223639918221472 0.9986442085575096 160.332617881064
0.9985851839031851 0.0030666818125746043 -0.0530869659305073 -2.223105559382591 -0.0030855600006686476 0.9999952022052814 -0.00027365288621381445 -2.7343347584572895 0.05308587202381335 0.0004370687363374891 0.998589855327198 161.6243094366235
0.9985322076438929 0.0035547198675163244 -0.05404437310656346 -2.2955472045680594 -0.003527929516569771 0.999993602133887 0.000591104576957222 -2.762874035950991 0.05404612854908358 -0.0003995722190903512 0.9985383599696612 162.92391795405265
0.9984901421715368 0.0035983753581742537 -0.05481320717720087 -2.3669465388842204 -0.0035950993384035374 0.9999935250687628 0.00015837076253959076 -2.790084102350749 0.0548134221429028 3.8927279654557895e-05 0.9984966135333931 164.1978248253468
0.9984610538102748 0.0043955745995019665 -0.05528293541429153 -2.4422015887959434 -0.004393714115495292 0.9999903355485301 0.00015519604235478837 -2.8183485473623238 0.055283083310826736 8.794020967903885e-05 0.9984707171300375 165.50373449863483
0.9984276899224217 0.004234707833203886 -0.05589467994137474 -2.517924152444064 -0.004150255758792998 0.9999900642247879 0.0016269077549995326 -2.847600381486617 0.05590101406341319 -0.0013923725342284746 0.9984353448898989 166.83441066152162
0.9983751483764269 0.004866003220323064 -0.05677486342574737 -2.59454310836887 -0.004756326842278532 0.9999865528658206 0.0020667468410855284 -2.875552437863316 0.05678415676332508 -0.0017933488772466952 0.998384867393575 168.13535608220735
0.9983131257864705 0.006154482867304735 -0.057732358544306805 -2.6746658072474223 -0.006122964395768533 0.9999809932377234 0.000722821075479825 -2.90357430460775 0.05773570982901734 -0.00036810859139606994 0.9983318347656798 169.455728498015
0.9982606737809401 0.00598569012900033 -0.05864979706792276 -2.7553890798419483 -0.0060517683181017115 0.9999812374791124 -0.0009490995572523996 -2.9331268494406277 0.058643015634028836 0.0013023837472667173 0.9982781679040796 170.8066286841821
0.9982041773602086 0.007655029507844334 -0.059412295224714674 -2.8396958659652105 -0.007733804085594339 0.9999694929957039 -0.0010960621711915183 -2.964091294165099 0.059402092345306 0.001553576889473304 0.9982329276395626 172.15258363199814
0.9981827106284006 0.007714803638295184 -0.05976418666197439 -2.9221018734684394 -0.00783221271706925 0.9999678303332508 -0.0017305324523912387 -2.995041312899628 0.05974891334994591 0.0021954733969575093 0.9982110234064081 173.49985398368574
0.9981744722986311 0.007565766459205878 -0.05992063108179229 -3.0063174716306524 -0.0077879064244812295 0.9999636372998592 -0.003474563506761079 -3.0269439509830236 0.05989216446981205 0.00393487686259017 0.9981970974608181 174.87831697413392
0.9981741519326697 0.007306849090692618 -0.05995808844407612 -3.0911277071825864 -0.007522014053701732 0.9999660519528135 -0.003363665631744747 -3.0613257953016295 0.05993147518689757 0.003808529673261301 0.9981952280910057 176.27239211327492
0.9981782856999595 0.008349220694948253 -0.059752828141295664 -3.1781962422884082 -0.00847033471908715 0.9999625526350459 -0.0017739101874611391 -3.095449624834623 0.059735779787684955 0.0022768050846745107 0.9982116272473329 177.67091297693378
0.9981834957392778 0.009197280067327672 -0.05954090084206177 -3.262955336236432 -0.00928273592874326 0.9999562430372578 -0.0011588030432076878 -3.128038059552207 0.059527637676950615 0.001709400532018704 0.9982251941833702 179.03928895957898
0.9981940042807986 0.009725704876464954 -0.05928018625584014 -3.3461504356205096 -0.009807045435556643 0.999951325089199 -0.0010813473924955591 -3.1598943488416493 0.0592667839324534 0.0016607579637730216 0.9982407977062919 180.39366218084382
0.9982230218819295 0.009653789748500367 -0.058801385429310814 -3.4281453538775257 -0.009716266599736683 0.9999524943372753 -0.0007766801316945337 -3.1918833904852315 0.058791094123833536 0.0013466299253608238 0.9982693994306198 181.7554927087296
0.9982530870910016 0.00987664609243474 -0.05825140320417796 -3.510167022180569 -0.009992270370151607 0.9999486411869263 -0.0016939661366033856 -3.223568701022185 0.05823168077722561 0.002273070695548802 0.998300508115405 183.12143363803872
0.9982750475261752 0.010720131597460601 -0.057723550351232576 -3.5921318182002335 -0.010888426640334287 0.9999373344522379 -0.0026017943527241387 -3.2562222564024474 0.05769204149548021 0.0032258250245380538 0.9983292154399762 184.48631123672655
0.998294350030372 0.010715069915315657 -0.057389702683950695 -3.6716205761411866 -0.010859537119970833 0.9999386000909045 -0.0022060149102407934 -3.2887801215096855 0.057362541357425335 0.0028254778275765874 0.9983494155475161 185.84120337741228
0.9983187465188117 0.010532885480179686 -0.05699770760807587 -3.7504722391142975 -0.01074389971309235 0.9999365125786264 -0.0033969738079399512 -3.3208569780680017 0.05695830903449733 0.0040036402883171646 0.9983685301011727 187.1977246348954
0.9983334930362725 0.009407216875646388 -0.05693628853951467 -3.8269819775468905 -0.009710803096639005 0.9999400581620868 -0.005057705608576965 -3.353420815122309 0.05688529674018251 0.005602173994020425 0.9983650027226142 188.54675929764878
0.9983274348677652 0.005901100838435483 -0.057510953732733364 -3.898796602985846 -0.0061950396525609274 0.9999686377947226 -0.004934056208915067 -3.3866188805457247 0.05748003369916528 0.005282086317370416 0.9983326826715041 189.87633010853378
0.9982970972376348 0.006514085902774948 -0.0579695810901648 -3.978554426288224 -0.006588276771885604 0.9999777043202615 -0.0010887936255998688 -3.4199124915944688 0.05796119612374259 0.0014688591604994574 0.9983177561261117 191.2174535637947
0.9982779887834401 0.006064956120313578 -0.05834615169618172 -4.052536667938064 -0.005857926757189211 0.9999759277595663 0.0037186819578759276 -3.4482775443631044 0.05836730081648956 -0.0033704908626335543 0.9982894860644106 192.47358804895347
0.9982618793843262 0.007594589674404874 -0.05844264175886864 -4.125991921429716 -0.007422502046026652 0.9999674564989536 0.0031610767772873158 -3.472539980514572 0.05846474691174812 -0.0027217918165425726 0.9982857633052047 193.6558546767869
0.9982571262563524 0.00828595206467935 -0.05842989711437048 -4.200391757690368 -0.00831258504656281 0.9999654272334425 -0.00021276203731931815 -3.4975712365901175 0.058426114095135075 0.0006980947089759493 0.9982914914269891 194.88019109636323
0.9982430342486479 0.009405895737921919 -0.05850105725048899 -4.278197521625299 -0.009537360074181685 0.9999525809558691 -0.0019684010041587123 -3.5255001877472827 0.05847976861165791 0.002522888238727706 0.9982854059326243 196.1488493933957
0.9982503082862842 0.009114706519373399 -0.05842297605744381 -4.355475852467711 -0.00922947743554758 0.9999559709916503 -0.0016949408290219104 -3.5557364599549603 0.05840495486351886 0.0022311887443378447 0.9982904802932759 197.45308495787762
0.998254438551529 0.00856516835690904 -0.058435552561717306 -4.431613665417159 -0.008604174955811719 0.9999628968981977 -0.00041593304164874473 -3.585411962410615 0.05842982188493476 0.0009179967228466456 0.9982910964225381 198.7468093423902
0.998298316495838 0.008485844567993719 -0.05769282211460483 -4.5099892147556035 -0.00840126559406561 0.9999632493482672 0.0017084171838472066 -3.61484034913971 0.05770519922847118 -0.0012208172770512462 0.9983329202160872 200.07401260200535
0.9983429696155239 0.007915692310274995 -0.056996989696911145 -4.589102470180765 -0.007792071644373851 0.999966783252592 0.002390818051031836 -3.644402291005098 0.05701402142236314 -0.001942731765645548 0.9983714875508709 201.45135953871429
0.9983536943453698 0.008129919324254279 -0.05677856460617111 -4.668466853152627 -0.008041727619889827 0.9999660777349488 0.0017815712926443203 -3.672353328865832 0.056791122579532866 -0.0013220405305399638 0.9983852065235111 202.81189304916143
0.998397310826691 0.00585485245819851 -0.05628970098275925 -4.742759853721713 -0.005868279270419628 0.9999827788189287 -7.323918888924585e-05 -3.7003582240919237 0.05628830280298101 0.000403445494649398 0.9984144751551306 204.16269177164344
0.9984141660981813 0.005846560146864485 -0.055990808789722804 -4.821036922835642 -0.005942416783297056 0.9999811491199811 -0.0015456673177870338 -3.730383577884035 0.055980716476763594 0.0018759368680159774 0.9984300878096665 205.52949719530204
0.9984214140785416 0.00506664705587607 -0.05593754550408691 -4.896162857248542 -0.005189953390056492 0.9999844116996538 -0.002059306074369946 -3.7613366575820066 0.05592623975576804 0.002346368536713344 0.9984321460477288 206.8666092558594
