1.0 0.0 0.0 0.0 0.0 1.0 0.0 0.0 0.0 0.0 1.0 0.0
0.9999872568640544 0.0006260885087578925 0.0050094034258534445 0.003759371567035319 -0.0006259518749456114 0.9999998036761394 -2.884325212458914e-05 -0.023290960153436874 -0.005009420500816735 2.570723910433427e-05 0.9999874524439715 1.0050783052227414
0.9999650707945641 0.0011951709162028362 0.008272167630274592 0.010353583519890956 -0.0011958174014378047 0.9999992823305393 7.320620761364873e-05 -0.047277469118778156 -0.008272074199662286 -8.309565257887668e-05 0.9999657823563504 2.0339704743477345
0.9999378090977296 0.0016546147189270414 0.011029061019162895 0.02008284704203435 -0.0016478017874811002 0.999998445944371 -0.0006267839438496505 -0.07173754079490686 -0.011030080965327616 0.0006085712571290391 0.9999389816158402 3.0773124232285127
0.9999693745523037 0.0022473964028174092 0.0074966103595626 0.025898050545303745 -0.002235353998267078 0.9999961984901374 -0.0016143722545562875 -0.09349642294941009 -0.007500209995522078 0.0015975652357425449 0.9999705968853989 4.000730356604207
0.9999953791865241 0.002334447644764516 0.0019472955074737756 0.024005605406029806 -0.0023277791570820187 0.9999914433316602 -0.003419752572726731 -0.11428518422541675 -0.0019552620784510336 0.0034152038967929827 0.9999922566362941 4.969230392339736
0.9999978352246225 0.0020758106749692415 0.00014337402215618058 0.023260990745077224 -0.002075155381541605 0.9999880401407076 -0.0044286911936490345 -0.14212424300326335 -0.0001525654318789637 0.004428384083153734 0.9999901830209139 6.105168527987411
0.9999943358217683 0.0027887541200962303 -0.0018844561119308306 0.018569951043689362 -0.00279775742430407 0.9999846043271524 -0.004792041533921164 -0.17132490489584123 0.001871063273889646 0.004797286642021753 0.9999867424936687 7.264527392251613
0.9999900154764204 0.0012109945607806393 -0.004301446226791412 0.014830862536017828 -0.0012341598670894077 0.9999847289418906 -0.005386903789348452 -0.20125562578703993 0.0042948570279677835 0.005392158675984097 0.9999762391316714 8.433538282118807
0.9999732518709905 0.0007691380174016519 -0.007273511481165914 0.006360781035099405 -0.0008114310220475564 0.9999827722567991 -0.0058134988864711684 -0.22962228964921494 0.007268914791970246 0.005819245339107995 0.999956648691047 9.533684435522257
0.9999321436279681 0.001145447829758319 -0.011592932711183506 -0.00764138196119094 -0.0012141940485222121 0.9999817115987452 -0.005924711035723055 -0.25561027315495144 0.011585934247580552 0.005938385076229672 0.9999152472636352 10.562441085568619
0.9998445360208411 0.004634783396538267 -0.017012424052337004 -0.03212648863908026 -0.004754229567363255 0.9999642861443584 -0.006987398444693405 -0.2809325251265492 0.016979431394783823 0.007067193125369367 0.9998308625416792 11.563965855389293
0.9996960129004449 0.007878114138833076 -0.023362729047983154 -0.06178479673475737 -0.008088210627263046 0.9999275760443805 -0.008911987144221286 -0.3048304159710694 0.023290827374805444 0.009098240688465804 0.9996873308072736 12.523707143841797
0.9994480665770473 0.010400561088825398 -0.03154981052938659 -0.09634483965906357 -0.010709824900787002 0.9998960899811358 -0.009649294846327726 -0.3251063728957119 0.03144617410746599 0.009981862024416845 0.9994556020977261 13.379670401212609
0.9990316550057032 0.011852536380615725 -0.04237062281714102 -0.1380321870505582 -0.01225733332912784 0.9998815643883395 -0.009306716713540124 -0.3443485281998938 0.0422552964280799 0.009817055448229672 0.9990586145697866 14.20503048724725
0.998416611969251 0.01287387797651524 -0.05475885508014416 -0.1907819611642839 -0.01336668140790416 0.9998733088989682 -0.008642799290078877 -0.3642372360697137 0.054640651277066805 0.009361058555248679 0.9984622024947879 15.062455693666463
0.9974768720262 0.014253712120686246 -0.06954654170847797 -0.25711762681070804 -0.014829850898638164 0.9998598031655467 -0.007774929972612776 -0.3811483848438114 0.06942596988989512 0.008786677673357186 0.9975484093518028 15.916090820366017
0.9967019991943699 0.01458559187629317 -0.0798272216199738 -0.32672429766727407 -0.01520979126964415 0.9998582793053306 -0.00721689366123388 -0.39424721209021973 0.0797106457851149 0.008407247718600408 0.996782589702648 16.682202432652097
0.9963825338655221 0.017270016081425737 -0.08320812912371553 -0.38665953893950444 -0.01787222668491634 0.9998191637903613 -0.006497940509572957 -0.40415803880177276 0.08308086254393715 0.007961548975562555 0.9965110054670068 17.297784905519034
0.9959223467837726 0.02031377539149285 -0.08789783675408236 -0.4412837727130626 -0.0209112667978299 0.9997640326029452 -0.0058820093852077916 -0.4106777211697155 0.08775760991283492 0.007696079706037031 0.9961121283568155 17.802476406892985
0.9949773117570816 0.0213815410372829 -0.09779048415629178 -0.49286571926248934 -0.0220228363403855 0.9997424323323396 -0.005483035084876277 -0.4158053821386207 0.09764806074969208 0.007609119337241032 0.9951919199504865 18.217305503967935
0.993230434376112 0.018532003866960644 -0.11467287849232115 -0.5435004910465533 -0.01933460494243188 0.9997957156678434 -0.005890669227250705 -0.41774846644936436 0.11454028671502345 0.008067946758608734 0.993385841933707 18.5616453842225
0.9898776847027042 0.013149443019144546 -0.14131263735384803 -0.6045524766976998 -0.014184548301874248 0.9998794201764071 -0.006320102622893116 -0.418064613598196 0.14121249207164954 0.008260584481643818 0.9899448443357517 18.87890034578831
0.9842810667860643 0.012421231867674428 -0.17617177573429926 -0.689602217758424 -0.013330223779004393 0.9999032391301379 -0.003977123465440749 -0.41798311476814326 0.17610532842730348 0.006263016521386692 0.9843514046942603 19.1722870306696
0.978004317857712 0.017381399707691463 -0.20785918597904715 -0.7921896225682121 -0.017802340368732614 0.9998415138398032 -0.00015453130949640747 -0.4206503201144539 0.20782355720434204 0.003851512265498382 0.9781587473024004 19.462140949754065
0.9722138819490082 0.02014330106431081 -0.23322610310141537 -0.902645171850764 -0.02052614249074483 0.9997890078007522 0.0007857195661925562 -0.42491041001409496 0.23319272119877396 0.004023344755249438 0.9724222166717965 19.791441644620722
0.9656196078051473 0.019961316702783147 -0.25919166432916757 -1.0276158864765188 -0.020501634452429536 0.9997896280283183 0.0006186047006044372 -0.4315415546642147 0.2591494858320418 0.004716515926809333 0.9658257081225885 20.163174172925547
0.9561542089618618 0.0155539451308551 -0.29245034360619565 -1.1709113439523968 -0.015816512992107033 0.9998738352929386 0.0014667697022730294 -0.43907952812618806 0.2924362607497334 0.0032230866347874626 0.9562795852214233 20.563838247132015
0.9407200062871672 0.01066845184293963 -0.3390163033046443 -1.3507811149555726 -0.010490784210917562 0.9999421931405659 0.0023566552304534324 -0.4440502138385992 0.3390218476996898 0.0013395941587431598 0.9407775466441456 20.98907834810006
0.9173190118140686 0.009334932785856181 -0.39804357750671443 -1.58242439869727 -0.008539569227705282 0.9999564267610278 0.003770986173737093 -0.44467885814981994 0.3980614353612586 -6.007662469496797e-05 0.9173587575583136 21.422311723892005
0.8882222125938679 0.009247575857460078 -0.4593210025631461 -1.8251605791799683 -0.00728534262715221 0.9999551956270609 0.0060440484156771244 -0.4432104256029996 0.4593563157698587 -0.0020221471772776216 0.8882497881131941 21.783024156183775
0.8553612663109519 0.009170660961213726 -0.5179507728273594 -2.060628738444433 -0.006468319976800278 0.9999544191413062 0.007022853867937819 -0.44078122753683285 0.5179915683981758 -0.0026568058467177098 0.8553815969794357 22.066388674700015
0.8207724443408025 0.010637146806484046 -0.5711562358222497 -2.301027969476539 -0.0074378386012858575 0.999940860695862 0.007934334739618333 -0.43710199317631737 0.5712068567233461 -0.002264115420290828 0.820803021810713 22.310776738826316
0.785511048113623 0.01174806753399673 -0.6187361119254752 -2.5441101205636785 -0.007555321097249647 0.9999273320209013 0.009394030055312594 -0.43347652297314343 0.6188015113221322 -0.0027043643946987124 0.7855427270356881 22.532829997458617
0.7481369968738177 0.014334903242436291 -0.6633894364983929 -2.779387122169213 -0.008727491676520765 0.9998927157462882 0.011763838087502178 -0.4305401085341422 0.6634868987385218 -0.003011236713162192 0.7481818413031658 22.712758355757988
0.7099719199049214 0.017495399024111888 -0.7040126305397559 -3.0784834514176618 -0.010281602707715862 0.9998423195565949 0.01447842082026955 -0.4284292178706723 0.7041549272654992 -0.0030408940585344383 0.7100398519597642 22.942442013020578
0.6696148199171172 0.01622023810127753 -0.7425314113377992 -3.533927118280336 -0.005484240216851912 0.9998422221744437 0.016895380034613973 -0.42814046057704735 0.7426883034332842 -0.007241176230974729 0.6695981252289923 23.315866034640948
0.6265114514095911 0.016988538357239593 -0.7792270470261743 -4.093498369872713 -0.003964852953004442 0.9998189570169047 0.01861002769181013 -0.42920234527757384 0.7794021306063438 -0.008569874801505995 0.6264653829639574 23.73094026844723
0.5843338884058059 0.020213760052490714 -0.8112615550887956 -4.6627543368216315 -0.007667014572828404 0.9997826248646168 0.019388654062543687 -0.4296028453451255 0.811477124599388 -0.0051094934540799565 0.5843618479405988 24.09845760676177
0.5469244970999643 0.023082091147914978 -0.8368636756008652 -5.24861854472983 -0.011146237290029141 0.999732007801426 0.020289750407631313 -0.4270597405022915 0.8371077325328116 -0.0017690804303243453 0.5470352040666172 24.444611537939174
0.5199301490288901 0.02249382928217347 -0.8539125644789518 -5.888474985426632 -0.012349532780969652 0.9997466911091317 0.018816021270027742 -0.4240748605669613 0.854119505204563 0.0007624044640583754 0.5200762343816004 24.812212783958003
0.5010909598886558 0.020529446932932845 -0.8651510802897335 -6.631404920615296 -0.010615715250360055 0.9997891775611062 0.017575750948679907 -0.4181840330763983 0.8653295074753828 0.0003771476032592243 0.5012032534332718 25.236845906055766
0.4888012692472329 0.019943219166718554 -0.8721671784649788 -7.267214882937883 -0.01226128386427352 0.9997969718918717 0.01598986910026632 -0.4123345727113599 0.8723089934766775 0.0028780210409543134 0.48894655832165734 25.580580434527402
0.4852490738548245 0.019536247321213607 -0.8741576925038405 -7.816810025380045 -0.013484101921644514 0.9997986733215434 0.01485906524140298 -0.40574620398212463 0.8742719916126798 0.004576883774572153 0.48541480902060674 25.87956896403384
0.4841199873445425 0.01687436448903559 -0.8748388958411777 -8.533388021044786 -0.0122011805916262 0.9998470073732498 0.01253367619364713 -0.40126723027410455 0.874916549760999 0.004606264196488022 0.48425180772451587 26.27698575677015
0.4812624555429979 0.016575112936709227 -0.876419827774257 -9.388744996866157 -0.013823351866290527 0.9998403898761201 0.011318556248397988 -0.4005235748429091 0.8764675486450733 0.006667863488611731 0.48141476480119766 26.742991232360918
0.47662956960733116 0.016730192270197192 -0.8789450233333889 -10.236985009495513 -0.014061479291249665 0.9998360744301878 0.011406097850403132 -0.40022882890305245 0.8789917679796958 0.006922783734412643 0.47678668908569 27.200508762463897
0.4734012953771771 0.018729143553890198 -0.8806477347480929 -11.10917445938259 -0.016327098125864047 0.9997887383959454 0.012486170086602745 -0.4005143002160653 0.8806955429670338 0.008467452886254499 0.47360707642477196 27.662605512255876
0.47199823456561196 0.020404493282556873 -0.8813633321285987 -12.002809075938437 -0.01808909095275793 0.9997458027341601 0.013457886309960984 -0.40206509485438996 0.8814138933301697 0.00959096289801371 0.4722473526397372 28.13660873475918
0.4707064543087188 0.02194806579757431 -0.8820168458027646 -12.885625737478534 -0.020121844542650327 0.9996975685639903 0.01413799064387013 -0.4028831213578174 0.8820603977304017 0.011092962408216063 0.4710057334477939 28.602839405833713
0.4695584497174526 0.021568042125893017 -0.8826379109565808 -13.723487922058625 -0.019069903024318817 0.9997161146328335 0.014283869996372654 -0.402128780469334 0.8826954180789572 0.010124707516066958 0.46983644941631364 29.048940075447973
0.46851061451423276 0.02260884585090861 -0.8831685253544675 -14.570584802278592 -0.018576808970422996 0.9997035754205035 0.015737326962891474 -0.4014775057228589 0.8832625352951249 0.009033348258004427 0.4687917366627498 29.49728867752836
0.46759887414059 0.024719041972283792 -0.8835950780003384 -15.453204188421097 -0.019031392377287692 0.99965873711238 0.017894563952842144 -0.4013603034229108 0.8837358762699599 0.008448566674478786 0.46790973778551803 29.9617416430025
0.46699375001076404 0.025906205819267947 -0.8838810473988753 -16.34137455696629 -0.020495969565569795 0.999619323666607 0.0184695149877171 -0.40057095448154206 0.8840230498592503 0.00949085098207728 0.46734694934832366 30.426755262384333
0.46698151397060134 0.024283879561493964 -0.8839335714877941 -17.20315248978881 -0.022359828095286936 0.9996274946648999 0.015649600554776433 -0.3990467629817424 0.8839843345315987 0.012456528546015437 0.46735054423773587 30.87747206732918
0.46748478654373876 0.024027898060008997 -0.8836745070810698 -18.10189267536412 -0.022513320754111405 0.9996299088402634 0.015270747873894982 -0.3986514411350146 0.883714390931129 0.012755605309956364 0.46785272233299974 31.351448043513926
0.46793629489565647 0.02610511116532122 -0.8833765601884452 -19.034342292505276 -0.021869179967593584 0.9995995932409576 0.017955282232686172 -0.3990525436938861 0.883491574881656 0.0109167927321459 0.46831982741452766 31.845163952795335
0.4679299640512253 0.030572295336861625 -0.883236595426646 -19.938188342674522 -0.023886939903731183 0.9994738723245953 0.021940661852192216 -0.39818985877516155 0.8834426766038942 0.010831126363976038 0.4684140517284178 32.31903342902414
0.4676973002421685 0.033756674408714174 -0.8832438634256389 -20.880556594894745 -0.025522829801555097 0.9993695433361294 0.024679971860897786 -0.39569634366844353 0.8835201302206451 0.011000126590085984 0.4682640032181571 32.8134760810784
0.46717037237004094 0.03340040405790291 -0.8835362223408861 -21.83091977159924 -0.02643299031759592 0.9993671637509313 0.02380271075501254 -0.39084689303819004 0.8837721087489155 0.012234583163546343 0.4677576025809811 33.313030485110694
0.46608743160218313 0.03192640433458744 -0.8841624346288087 -22.731292979915192 -0.028548004971342564 0.9993710223184094 0.021037375368878942 -0.38614096962656425 0.8842779639426929 0.015435817325925773 0.46670570815969686 33.78249038270499
0.4651288483471643 0.03155595011631821 -0.8846803809554588 -23.642497314648647 -0.028965445783011457 0.9993718554466345 0.02041806777686582 -0.38218833051899 0.8847689853209314 0.01612812925933133 0.46575071235668786 34.25922456364923
0.46462892535375194 0.033235795705763155 -0.8848815421334207 -24.62459475613083 -0.027608288867667596 0.9993532867545464 0.0230388940420941 -0.37890698193088745 0.8850749934951363 0.013725528648769525 0.46524602712209673 34.77595693934135
0.46466721746917206 0.033833354117751326 -0.8848387882312793 -25.67119439092736 -0.02456837707831422 0.9993776797083573 0.025311028198711772 -0.3734749871347048 0.8851444920786626 0.009977847958405549 0.4652092762326693 35.32919070412502
0.4650221960630061 0.034282695005609445 -0.8846349834773038 -26.70289959774152 -0.021389518301158043 0.9993933133407571 0.027486246681308307 -0.36744510543797054 0.8850405898463538 0.006140201375660939 0.46547336363263875 35.8754803998149
0.46490378675273963 0.03228380596297972 -0.8847724142035094 -27.72381877528527 -0.02321085859514045 0.9994359153713941 0.02427152877381692 -0.3611383802237999 0.8850569050102022 0.00925240175773314 0.4653908765279718 36.4074937175818
0.4646304072861507 0.024324613687879144 -0.8851705472924638 -28.756959080302074 -0.020417974009273167 0.9996511597874574 0.016753061599194794 -0.35547801632114895 0.8852692759621001 0.010289407394267796 0.46496498484618426 36.95408628700514
0.46387993674911976 0.01848616889888152 -0.8857051799786846 -29.72077929367827 -0.01734040683410809 0.9997801851726221 0.011785229188449898 -0.3538367493294215 0.8857283525847298 0.009891556785395309 0.4640985267504099 37.4647226088164
0.46311111517222625 0.018343848283527087 -0.8861103758754251 -30.67267652920041 -0.017147463232899948 0.9997841011613385 0.011735227722110502 -0.35319923547870313 0.8861343349112552 0.009759830693428395 0.46332568048428113 37.96196578851809
0.4629579524737915 0.026349754003902378 -0.8859885014520269 -31.70389588630057 -0.018370182536362745 0.9996285817601032 0.020130447632011345 -0.3543889903481399 0.8861898615053407 0.006956219678695369 0.4632700512367774 38.49704672853012
0.4629723747466094 0.03299998995419708 -0.8857581954938424 -32.70701920727798 -0.019348240950651244 0.9994448539213976 0.02712249144439838 -0.35202137711203174 0.886161512250222 0.004580898717371199 0.4633538492052705 39.01795309513512
0.4632170173220678 0.0391809070398293 -0.8853783662292538 -33.6538989153951 -0.02200899004878474 0.9992227206056461 0.03270411262338034 -0.3465740959310274 0.885971556665494 0.004337182148181712 0.4637193004725315 39.50637665841274
0.4646815356511883 0.03962293078748738 -0.8845909188888743 -34.54325389849216 -0.02174842867931113 0.9992076681763713 0.03333229226319974 -0.3384489115348716 0.8852107524622788 0.0037495617541831055 0.46517509016693626 39.972203692988685
0.46682365231363987 0.036683335184109496 -0.8835892770740961 -35.43596758763472 -0.022297422121948293 0.999309912378042 0.029707305325547485 -0.32935729092919225 0.8840692860897662 0.005833690320879734 0.46731944689898214 40.44172412765175
0.46767463139856796 0.03452429272042954 -0.883226195466579 -36.40921109204546 -0.02232190765968106 0.9993795292152723 0.0272449816276871 -0.32124389449932395 0.8836187931368628 0.006973506837627075 0.4681551010271482 40.95595003726556
0.4672632037952797 0.03718989883509582 -0.883335728816403 -37.445793621075204 -0.025230143542875637 0.9992688972523088 0.02872474266133307 -0.31425201034444594 0.8837581899115707 0.008864671950459086 0.46785989286904467 41.497163726230525
0.4671524806562138 0.0394458520490276 -0.883296430748405 -38.47159123918787 -0.026001638642314764 0.9991851602707058 0.03086956887806674 -0.3066122242227034 0.883794362170669 0.00854635892818971 0.46779748304625396 42.03590199251616
0.466586610699936 0.03836244881767204 -0.883643173026453 -39.3871322910514 -0.02579036076355336 0.9992242305475175 0.02976229793558832 -0.29872010339918387 0.8840994242771747 0.00890278649819538 0.4672140284551989 42.518144610523166
0.4655236018193052 0.033964929226168124 -0.8843834913270615 -40.22460761935864 -0.02654480185014288 0.9993496117475276 0.024407519226704293 -0.2903290233506792 0.8846372983567432 0.012113508274925085 0.46612242305359614 42.95557639058632
0.46505199740044395 0.0308737934132707 -0.8847448494306888 -41.07324568172967 -0.026823595702003388 0.9994242560134288 0.02077621730775814 -0.28404805799955296 0.8848769035450482 0.01407001678316007 0.4656123926618026 43.399779885517596
0.46472897414006187 0.03178780385573564 -0.8848822046581996 -41.94896886201109 -0.027557066455601808 0.9993905240262587 0.02142868579454662 -0.2787769326008627 0.8850240610757922 0.01442622655267608 0.4653217116193522 43.85704689966867
0.4643214015376397 0.034105903678110935 -0.8850098436788272 -42.8534282783365 -0.026649979453514428 0.999343811435536 0.024530086437332274 -0.2733029483878483 0.8852657311052142 0.012195650035777196 0.4649256407759799 44.331532359366854
0.4644417895833626 0.038285081463354353 -0.8847757210875244 -43.77377871520858 -0.02672473912098569 0.9992160183011056 0.02920851056455569 -0.26634036023410584 0.8852003233209529 0.010079747408979295 0.4651008345344612 44.81185838541733
0.4649165717992943 0.043277942540955114 -0.8842961047951161 -44.6902508165877 -0.02555196962674074 0.9990443895696473 0.035459900135305866 -0.2586357769966269 0.8849856937344169 0.006109612003518221 0.4655781293473531 45.29344521320753
0.4647987758939012 0.04529400848492268 -0.8842570614492715 -45.53193055152805 -0.024541882463753297 0.9989660333978334 0.038269571757926946 -0.24888936691521624 0.8850761514879203 0.003913682762763647 0.4654297897154479 45.73429545049545
0.46496253532416043 0.04622734843145075 -0.8841226572155746 -46.321002051117176 -0.025124807999160895 0.9989226445389104 0.039016589425479316 -0.24000259157134776 0.8849737763165281 0.004072159671276569 0.46562305865117704 46.14552685539067
0.4650561008926497 0.04323242041428663 -0.8842249605432152 -47.14760304592743 -0.02517823791376247 0.9990487510284483 0.03560406443171129 -0.2297055751789488 0.8849230923408462 0.00570533904530198 0.46570223292174 46.57809156801688
0.4649012080741047 0.041603720964264325 -0.8843845301299477 -48.03359233438788 -0.0279521127982884 0.9990870899145137 0.03230582232759806 -0.21884800375349467 0.8849212089905814 0.009701400315325855 0.4656397069737202 47.03673318873074
0.4648813502867168 0.04092235019984305 -0.8844267586463692 -49.00733430869819 -0.029954441484733835 0.9990863513653341 0.0304826828025991 -0.2086232469755611 0.8848661263665476 0.012321678847771524 0.4656824182202242 47.542982465836026
0.4646140548428478 0.041090659599469545 -0.8845594031698327 -50.02661862992129 -0.032632482602556176 0.9990387784877824 0.029268415687146672 -0.1987272447810202 0.8849118041486868 0.015266852043635799 0.465508348052961 48.07173352869248
0.46425060171871513 0.03967163183321785 -0.8848149752527379 -51.01957945738594 -0.03280885033489976 0.9990810252145128 0.027580507537428238 -0.18951411320616457 0.8850960163414563 0.016225494877186487 0.4651255477529452 48.59055763694616
0.4643431399967711 0.03420646599097362 -0.8849945570580364 -51.96186380517752 -0.027605198716789535 0.9993273421835261 0.024141585867924014 -0.1811079330855636 0.8852250568876526 0.013220470824450712 0.4649750722452058 49.09336663235747
0.46387014438036916 0.030200614368572003 -0.885388283209293 -52.912714690788 -0.02391605409767109 0.9994814102859538 0.021562301574748033 -0.1725691382467944 0.8855803247074402 0.011172886134026144 0.46435186562186154 49.59712171702692
0.4626039510538467 0.033308953414981315 -0.8859391051826145 -53.88109298208187 -0.02314190448737297 0.9994071492124684 0.025491221228227487 -0.1662154107018335 0.8862629613867828 0.008709978496399012 0.46310052855565254 50.102586919901015
0.4612603447058234 0.037522511976733945 -0.8864710686180481 -54.77180779999256 -0.020766828869284347 0.9992882379825068 0.0314921616999139 -0.15838024569595266 0.8870217771963561 0.003883107618328814 0.4617112606972518 50.56830046346211
0.4602016524868955 0.039621718553041474 -0.8869298498005567 -55.64981824415129 -0.018498647065954596 0.9992147116623582 0.035039407161692286 -0.1477549255747106 0.8876216756620263 0.0002818091857486739 0.4605732096838926 51.02504815537743
0.4593686869427485 0.038520690363587996 -0.887410032550011 -56.597675380992136 -0.016626832064330143 0.9992570618017323 0.03476884949026706 -0.13570166177912685 0.8880900618248149 -0.001216903153443239 0.45966788144780735 51.51664355512381
0.45848341433089324 0.037874542109732165 -0.887895533181392 -57.55613812734098 -0.020465929180843185 0.9992764644698543 0.03205765586245554 -0.12427194012744203 0.8884672782529781 0.0034737035868139814 0.45892682298721627 52.003124793804695
0.45809732956086907 0.036422984563455565 -0.8881555060037035 -58.51443711529426 -0.023996103011750775 0.9993027483743776 0.02860426771773253 -0.11350365590693823 0.8885780909348675 0.008208732356981054 0.45865193014271893 52.48951026287274
0.4579141156841989 0.03714852218352424 -0.888219933325492 -59.473686167821874 -0.02786907737861215 0.999235329224383 0.027423919411821165 -0.10415481256939546 0.8885594955787857 0.012196070245015032 0.4585992571814259 52.975720689630556
0.45796082470963606 0.04000010855372234 -0.8880719984026991 -60.42552246865007 -0.030850177719818437 0.9991005510574809 0.02909218814898471 -0.09521938915436676 0.8884369136668786 0.014074096501400634 0.4587829227878297 53.45943194751614
0.4579010734382295 0.04176016757843858 -0.888021787653851 -61.389000487506614 -0.03005417417124075 0.9990522933692814 0.03148430924232257 -0.08498139778731095 0.8884949935475185 0.012272062475484726 0.45872218490454103 53.95585489902107
0.45786283760420043 0.042915183724707456 -0.8879864351142461 -62.34679358573589 -0.03210572457855526 0.9989808519733682 0.03172506642784605 -0.07314115986923544 0.8884429325456521 0.013983718977435763 0.4587740306656913 54.44309134305874
0.4586891144633393 0.04351079344836864 -0.8875309048851956 -63.28220216453302 -0.03347295172999429 0.9989376225520591 0.03167313929062351 -0.06282338202314898 0.8879661354890297 0.015180154924610197 0.4596582481813481 54.921904717945786
0.45917035830788333 0.04447599523283109 -0.8872341674549409 -64.20696892945483 -0.031996733122153946 0.9989258767069882 0.03351569654186104 -0.052865990923801905 0.8877718125289416 0.01299918048284756 0.46010023928037097 55.40119380497223
0.45927393499159663 0.04573417251942587 -0.8871165865326277 -65.0685427122266 -0.03016617256904409 0.9989007250562157 0.035879569600302454 -0.04220933084957918 0.887782323922859 0.0102823609220688 0.4601486916030501 55.848332548639654
0.45874696014574856 0.05004242844964148 -0.8871566839695796 -65.90689693630209 -0.030496371594600825 0.9987113814117409 0.04056535416113193 -0.02991360584183405 0.88804346620906 0.008445826988315185 0.4596819227790933 56.27815526997871
0.4588776157229206 0.05116219608878691 -0.8870252327187899 -66.68780266634599 -0.0294249478735506 0.998668192076967 0.0423794121757611 -0.017820268907867698 0.8880121092817878 0.006653707620322325 0.4597719238316066 56.680421259634834
0.46137472770717874 0.05089141701234596 -0.8857445592876119 -67.40402283292121 -0.028441484424416855 0.9986887538880472 0.04256588800057314 -0.006500587539157433 0.8867493685347997 0.005553065101111889 0.46221717933361184 57.052786833015816
0.4632916134776915 0.04860586352462962 -0.8848719404028278 -68.14837284801536 -0.026855313273309103 0.9988062149459809 0.04080364118896027 0.005075636144775183 0.8857988897205917 0.004859528404080653 0.46404386856574237 57.443527599489066
0.4632588357547983 0.04916508337516087 -0.884858206534711 -68.98413637495327 -0.031396668590788705 0.9987436714960406 0.039055445817593244 0.01759397507767408 0.8856666981977543 0.009688819501067135 0.4642204503036963 57.870297985017274
0.4633698083927509 0.04711795375551613 -0.8849114752922812 -69.84375647997818 -0.03213731922331375 0.9988220582800105 0.03635503550300052 0.030283838926447593 0.8855820760286464 0.011592856730704542 0.46433823048465117 58.316453774214864
0.4636770029234232 0.046332691095802736 -0.8847920200226582 -70.74666891051584 -0.034300782669562935 0.9988218097581931 0.03432854001593344 0.04261031808070629 0.8853401003389659 0.014431704237235943 0.464719950771001 58.783617260968775
0.4635100789214656 0.04576436890641721 -0.8849090514153517 -71.71299299498078 -0.03487619479267544 0.9988337591914946 0.03338820953829507 0.05489362925476253 0.8854050247062094 0.015386488812821859 0.46456560159681715 59.286750297706114
0.46314936986171545 0.0471475939660765 -0.885025290926711 -72.67225332824773 -0.03533001557857082 0.998772458634164 0.03471837947093011 0.06775675221115973 0.8855757738307418 0.015188161741288656 0.4642465600809622 59.785088647196375
0.4632912035060012 0.04765531304432076 -0.8849238565507274 -73.52554470609499 -0.03450700707490512 0.9987659032990168 0.035720258538169035 0.0793228791659363 0.8855340350413962 0.013987192211054413 0.46436389958453644 60.23053460475243
0.4637251190883003 0.049494272348405456 -0.8845955747861548 -74.33673902250136 -0.03556477798122546 0.9986735373017666 0.03723321716325399 0.09031346335081196 0.8852650227438627 0.014194467157373592 0.4648702578230083 60.65113503395943
0.46380254890646705 0.05082219761613655 -0.8844796774699429 -75.14817554029352 -0.03561460270368969 0.9986158070102946 0.038704910068864555 0.10209791103614467 0.8852224554890856 0.01354895636744464 0.4649705690462896 61.073553320243526
0.46385535948851625 0.05300986769731252 -0.8843235603558783 -75.88414934027412 -0.03766090982661994 0.998485721472319 0.04009887637997747 0.11281488274773191 0.8851100843086213 0.014704351145798189 0.46514935312496175 61.452290154709935
0.4647547108974536 0.05688838718412506 -0.8836100780900008 -76.62275408524341 -0.041818107276388156 0.9982305678361901 0.04227267842544137 0.12365134491507723 0.884451414495137 0.01730447459558832 0.46631132364175515 61.83026048339544
0.4647281534565439 0.05809076231444503 -0.8835458147253041 -77.41950552688951 -0.0431312685530294 0.9981462406523214 0.04293921220338578 0.1360592614703165 0.8844023049822298 0.018153391015664058 0.46637218756777815 62.24391304769339
0.463493196857675 0.058924680539500125 -0.884139094537717 -78.259620353254 -0.0459263623960027 0.9980428956135353 0.042439931107669325 0.1506223816723575 0.8849095014201888 0.02093467312069971 0.46529228852153326 62.67528124001528
0.4703096149714368 0.057838871859420125 -0.880604071627796 -79.07932929073826 -0.047237918847341784 0.9980693547366316 0.040325452986651855 0.16361231531241036 0.8812363162559714 0.022632455404491533 0.47213380187609183 63.10801817846514
0.4877405883669887 0.05838279809351937 -0.8710341941314355 -79.89254882798924 -0.047204537228676624 0.9980652918866938 0.0404648587809007 0.1755179546886475 0.871711448889169 0.021380412014344034 0.48955288565960525 63.56807827928564
0.5221456140625534 0.055463810432973985 -0.8510509523215977 -80.47167140844634 -0.04270508795852783 0.9983316431363132 0.03886136610062018 0.18360908816592858 0.8517864950665146 0.01605291391016466 0.5236430757465425 63.95093786772659
0.5686948761075382 0.05491705152531015 -0.8207132601224393 -80.93396214481388 -0.04461996119366156 0.9983592946545126 0.03588562163351405 0.19107419545487883 0.821337444021708 0.016212224668873412 0.5702122120922857 64.31315209375353
0.6083941665648808 0.05130751911388031 -0.7919747954147323 -81.43892832945079 -0.043193761554885746 0.9985696795780996 0.031510220405990934 0.20096594037043475 0.792458728926982 0.015037736188444789 0.6097401327104546 64.74063363679547
0.6481302203666071 0.05030381095686563 -0.7598662672146681 -81.74736383350375 -0.043079156194373455 0.9986399772617146 0.029366343257307827 0.20552710547897773 0.760310070792909 0.013701183085455836 0.6494157942589204 65.05511381849398
0.6894484277099587 0.047297530983320527 -0.7227889104649792 -81.9247083383584 -0.04033147811160284 0.9988244714749952 0.026889534321605832 0.21294042256806694 0.7232110600658725 0.010612197961843449 0.6905455407522514 65.30123706161207
0.7269072672672792 0.039182407753401524 -0.6856169219882675 -82.0602773499077 -0.0331816994184222 0.9992088459729368 0.021923890009303264 0.21802962977186816 0.6859335241972981 0.0068132996470674735 0.7276323105320414 65.53317352204658
0.7636312773583096 0.03303424490734926 -0.6448069563082595 -82.16573826054156 -0.026685436727924536 0.9994517109269024 0.01960012734474479 0.22198183352220227 0.645100891106779 0.002239684953636663 0.764094119925387 65.7545539598177
0.7966890833020771 0.03240394878131327 -0.6035200813980243 -82.28212135120332 -0.027079345125323423 0.9994727127633863 0.017916626607258266 0.2273314486693462 0.6037824224129779 0.0020689477466381946 0.7971464770293737 65.98719595040241
0.8232915354752405 0.03030087712588066 -0.5668094075262217 -82.38578322989899 -0.026396665293581093 0.9995376055116807 0.01509275420050661 0.2297768318842775 0.5670046416707741 0.0025361414354372067 0.8237106921185495 66.21333208458354
0.8447946148619351 0.03079509102293799 -0.5342038197815207 -82.51417774892052 -0.026969884445733897 0.9995241660071129 0.014968864378171135 0.22972694315754882 0.5344105949859737 0.001761799272699648 0.8452231729135591 66.47799693785139
0.8632782240871326 0.026521523784907006 -0.5040310670912024 -82.62473354475377 -0.02157656868652251 0.9996447811391154 0.015644910515837617 0.2290332024573059 0.5042669526160578 -0.002630649626879832 0.8635438148593612 66.74418325513928
0.878694290501164 0.020327270836179186 -0.47695193248482776 -82.71151857067373 -0.01554751569594718 0.9997815828839474 0.013966434110237718 0.22762486262163423 0.47713165750801273 -0.004856808254806377 0.8788184071907211 66.98148519379288
0.8922666351025815 0.01651744821312536 -0.45120663313746434 -82.7957244280359 -0.013921817680508021 0.9998619344346799 0.009071662527520084 0.22431323884027005 0.4512941777545889 -0.0018127253154408699 0.8923733967077592 67.20941693625481
0.90644321369172 0.014424652194699863 -0.4220813070503019 -82.87748461641726 -0.014864540928048833 0.999886987863661 0.002248760533130123 0.22074985483555012 0.42206604432864264 0.0042356711391399885 0.906555190440591 67.44534189131915
0.9221638842626804 0.011718365189758372 -0.3866218442856637 -82.92711221525066 -0.013732469862874156 0.9999027091057707 -0.002447773357158904 0.21796840660080444 0.38655554559860333 0.007566521011814058 0.9222350882105641 67.65472081024065
0.9382295491967629 0.011418848211922942 -0.34582498885932833 -82.98304159493418 -0.016241954009693912 0.9998070081629543 -0.01105193911454098 0.21515918357655459 0.34563204704423545 0.015986129417641968 0.9382339429599937 67.90334499442245
0.9538754908940484 0.012371294151599094 -0.2999474936595659 -83.09439464249304 -0.017524528695209794 0.9997413408623205 -0.01449628451786051 0.205863497547504 0.29969057169963087 0.0190840889703073 0.9538455633814757 68.35378074665182
0.9679119560686019 0.011488929522482195 -0.2510267909962659 -83.21937055332755 -0.01686675972869282 0.9996717983676054 -0.019282322597000228 0.19254482356352007 0.2507228703483393 0.02289759915160709 0.9677880667984006 68.94225190371444
0.9787361555506776 0.012054407898689933 -0.20476872092215392 -83.31067762324967 -0.017250412165200485 0.9995724319969177 -0.023608821908373802 0.17549755732310007 0.20439657799976427 0.026639152426130432 0.9785256227917629 69.5071013914071
0.9868585704106374 0.015136705202126927 -0.16087585947773408 -83.39661753667413 -0.01890178780472076 0.9995814904655179 -0.02189900309424842 0.157482891253726 0.16047705264261647 0.024652060245758313 0.9867316714795273 70.14348302737409
0.992754512568834 0.017114513500111478 -0.1189351554498239 -83.45477746101817 -0.019986460823832774 0.999535745573731 -0.02299640633024164 0.13786268001378135 0.11848636697087435 0.02520687898218825 0.9926356804457634 70.78118453778819
0.9965135379963517 0.021911548039811983 -0.08050250090832801 -83.49929737160988 -0.024043546654499676 0.9993828191411246 -0.025610323500757946 0.11584797041582089 0.07989165447197383 0.027456599717364694 0.9964253402426568 71.4561749513157
0.9986278492213426 0.024940213322597427 -0.04604785031878229 -83.52497971779147 -0.02618783751838749 0.9993006084987172 -0.02669252742259989 0.08811028870040474 0.045349927515578106 0.02786179487253193 0.9985825476448182 72.20389989579226
0.999484036674737 0.029071736592333856 -0.013656301251863985 -83.52895873514498 -0.02940285316428242 0.9992622702584275 -0.024706020800103243 0.05958947537894767 0.012927979663325354 0.025094807619932956 0.9996014795769094 72.94778960861461
0.9994816416682484 0.025917753967910677 0.01909759140322129 -83.49682925519562 -0.025434307683141234 0.999360412315272 -0.025136871120547227 0.033282096894053884 -0.01973686806017715 0.024638107198211273 0.9995015856480007 73.66540648930224
0.9984134349204032 0.026751796497241083 0.049547495946962436 -83.45072620609157 -0.025572254388054574 0.9993778529832633 -0.02428923160739141 0.007313255304993698 -0.05016645070120745 0.02298365399006605 0.998476378725762 74.34621659713383
0.9967665773464527 0.026106188136981477 0.07599248137807411 -83.38676810011046 -0.02438907378484394 0.9994277762831172 -0.023437002233710164 -0.01994418088550247 -0.07656084746760478 0.021507834264333208 0.9968329096194122 75.02894781443801
0.9942023034247732 0.029247514114116337 0.10347155542960683 -83.31144449256865 -0.027064656428215938 0.9993818301385105 -0.02243795804939448 -0.04756640496590482 -0.10406384692726026 0.019507447479061003 0.9943792914454497 75.69743955781061
0.9912203740885906 0.030961538529624386 0.12854397350150445 -83.21352646771484 -0.028329034990095765 0.9993508145603264 -0.022257924749277114 -0.0760399522321556 -0.12914966422026353 0.01842098177332409 0.9914539987625766 76.38748685171015
0.9885252422341482 0.028029137857710315 0.1484325196743435 -83.0931515409575 -0.024824303960134762 0.9994179195806995 -0.023400340892464743 -0.10598778181709681 -0.14900201139184577 0.01944709366312076 0.988645644884579 77.10673412525442
0.9850537558270096 0.030176115385077775 0.1695833134225488 -82.96931917122706 -0.02646241998050532 0.9993588468071414 -0.024117123316793738 -0.13489269180627686 -0.17020234563565595 0.019269078041477664 0.9852207185050235 77.79591266982831
0.9812924214185474 0.033759506870235434 0.1895401787548086 -82.83335775196035 -0.029732384652328227 0.9992684976279576 -0.024051090437912755 -0.16391465258325436 -0.19021348261732726 0.01796567127176685 0.9815783543285506 78.49072104701696
0.9777671185498558 0.03587638905708088 0.2066019036479076 -82.68022255435798 -0.03167239125951448 0.9992191481466282 -0.023621041658507865 -0.19516406559564947 -0.20728801584900786 0.016552301512288297 0.978139918314364 79.20761370221743
0.9746887141951177 0.03583341856876016 0.220675953684008 -82.50627925074242 -0.03067714829745894 0.9991713350051492 -0.026749876193470253 -0.22789537708603755 -0.22145162675628752 0.01930309347504461 0.9749802908722263 79.95026494990188
0.9721412709644777 0.03979194570622488 0.2309933989197202 -82.32308269643485 -0.03329332225585788 0.9989343256041804 -0.03196510320475635 -0.2629282263457756 -0.23201918882010533 0.023384058386772353 0.9724300909744757 80.72753174628171
0.9706747209098322 0.04056775457789041 0.2369490313867728 -82.11785989173822 -0.0324454027627078 0.9987478199295464 -0.038080021343822754 -0.30084047221645077 -0.2381971494921537 0.029275407332578253 0.9707754985058736 81.55872959391978
0.9696969859720018 0.0408586112062196 0.24086994268093462 -81.9019848358828 -0.03259448868823918 0.9987385330462304 -0.03819609817530891 -0.34401307541302617 -0.24212673273302546 0.029187608654437175 0.969805510809806 82.43235155276253
0.9688423005984215 0.04135240676595851 0.2442019144597833 -81.68829650032995 -0.03452701040299446 0.998885981667397 -0.032166460498387436 -0.3872187865339606 -0.24526002960896842 0.02273266555038182 0.9691907674927501 83.29751573633288
0.9679794654787706 0.043284932977420455 0.24726942590740286 -81.48354145776707 -0.03840098054733098 0.9989609765590729 -0.02454245312004086 -0.42757151945209154 -0.2480748256160625 0.014261202238455057 0.9686358959930599 84.13672137701947
0.9669086099924091 0.043205803917185946 0.2514378619667676 -81.26279223273487 -0.03945054009947575 0.99902216529888 -0.01995916149038572 -0.4686277539354864 -0.2520543489178657 0.009379325637236464 0.9676676255007115 85.00613096363786
0.9660482506200935 0.04254308349010793 0.25483497311203696 -81.03162264861278 -0.038244878409820986 0.9990305712594867 -0.021800159732527667 -0.5098570382124878 -0.2555153747806125 0.011313873611607106 0.9667387907364777 85.8863616526726
0.965100259299265 0.04334322537033575 0.2582689573196699 -80.80073587669662 -0.03877283284544204 0.9989886796541796 -0.022765881400467675 -0.551457457210116 -0.25899451139673324 0.0119575389314455 0.9658047734035454 86.7637544622575
0.9640809444646506 0.04405243109611123 0.26192998269512946 -80.55523051796482 -0.03988645651050877 0.9989792315405475 -0.021202960587947444 -0.5952822542275691 -0.2625966547905432 0.009993911405507545 0.9648539364212794 87.68783714947637
