1.0 0.0 0.0 0.0 0.0 1.0 0.0 0.0 0.0 0.0 1.0 0.0
0.9999932277561016 0.0009138522898405455 0.0035650127525863697 0.0056777249426562815 -0.0009227374136117644 0.999996470575726 0.002491463777909484 -0.03572829490608165 -0.003562723340265326 -0.00249473647575593 0.9999905416014281 1.6116750916259477
0.999966856363085 0.002064433164227338 0.007875550205534477 0.01666213981281897 -0.002096143846767511 0.9999897214511136 0.004020344897877098 -0.0652432705192911 -0.007867169522967872 -0.004036719935128768 0.9999609055037415 3.117483719349835
0.9999162114712481 0.0019696193972827173 0.0127941641546423 0.03501358776531849 -0.0020229021256408415 0.9999893301447454 0.0041530065799416475 -0.08984346325491306 -0.012785847800445772 -0.00417853994749464 0.9999095268572707 4.489876993556562
0.9998242705260016 0.003272982214924674 0.018458484622779624 0.05785517982677215 -0.003357561864845079 0.9999839982282785 0.004553028191193656 -0.11375524578264118 -0.01844328727402854 -0.004614203593996792 0.9998192608065325 5.791812679172786
0.9997020820103085 0.0016886820891601102 0.02434944716119544 0.0915366327071991 -0.0018015373097151114 0.9999877343877193 0.004613625194749299 -0.13537618527155817 -0.024341357554084845 -0.004656117150337919 0.9996928622759625 7.0339643954658815
0.9995517253480146 -0.0008700130972730902 0.029926433650163346 0.13669480504242845 0.0006826524284205582 0.9999801081158136 0.006270355520010772 -0.15913551646546098 -0.029931293648438044 -0.006247115325966963 0.9995324362974096 8.387245491847162
0.9993699858259177 9.969384491449398e-05 0.03549114666283133 0.1845522554523592 -0.0004380283187475265 0.9999545375707235 0.009525278101594514 -0.18185416265511029 -0.035488583537488405 -0.009534823168681573 0.9993245957073434 9.773936030146222
0.9991089660018131 -0.003934709076790158 0.04202132933724901 0.24134412713637188 0.003322020662776689 0.9998873064905072 0.01464030388602319 -0.19853572442601075 -0.04207419914275974 -0.014487663153181266 0.9990094440909235 10.95781214433908
0.9987312285802056 -0.005323467528627917 0.05007587994379311 0.2970338162623378 0.0043826384763111055 0.9998121675790297 0.018879143013085853 -0.21087740000369803 -0.05016697657482953 -0.018635725217823834 0.998566965309261 12.002624959797503
0.9982184072857747 -0.009749897122358476 0.05886383322512244 0.37194324237870946 0.008466518231317263 0.9997218412948622 0.02201268059663487 -0.22138989764142625 -0.05906208110869762 -0.021475091248097617 0.9980232918278993 13.141386774815777
0.9976736680028133 -0.011448841152197735 0.06720250151656663 0.45687676242645864 0.009916165085250369 0.9996840660283969 0.023096272403438405 -0.2296083769247744 -0.0674456955173157 -0.02237615170675048 0.9974719975974176 14.357443473819757
0.9971015214690175 -0.012343769474527061 0.07507454454960553 0.550582515988534 0.010791185153603694 0.9997201598306903 0.02105118407786038 -0.23673869323380795 -0.07531338663977086 -0.020180024362201673 0.9969556963123237 15.574715236965671
0.9966849544295834 -0.01418434948996808 0.0801118333534236 0.6560818678053386 0.01271007845648795 0.9997409145391565 0.01888273555504569 -0.2453589957495875 -0.08035891686259959 -0.01780191073897148 0.9966070120437207 16.842982558388897
0.9966433626891547 -0.016118535737026544 0.08026331922708677 0.7601932174077297 0.014752426082358711 0.9997365428394983 0.01758439182949145 -0.25583205307799356 -0.08052560792902827 -0.016341288719765687 0.996618577365804 18.07654469842206
0.9969241879629741 -0.02106036900572296 0.07548923308464713 0.8612367845033843 0.019860728414893416 0.99966481899554 0.016607261346910044 -0.2666820862370351 -0.0758136855798163 -0.015056909376014414 0.9970083121814224 19.282939258482998
0.9972963077454922 -0.025231543542702732 0.06901770618951385 0.9614081442929767 0.024164812713309957 0.9995759502734389 0.016247506315817947 -0.2778694184435003 -0.06939838891314422 -0.014535778114864941 0.9974831200430695 20.58268648053018
0.997617900142227 -0.022189585933783194 0.06531575301488858 1.0476397940012632 0.02124549526917224 0.9996600462383664 0.015113599355390892 -0.2888494909985597 -0.06562891319062245 -0.013689931730835731 0.9977501849273817 21.937781634789435
0.9976554656616046 -0.018553504044772625 0.06587366183223908 1.1346524221177254 0.017605592860626077 0.9997333641157738 0.014941344443644242 -0.30155129180927365 -0.06613331184473872 -0.013746569078077354 0.9977161003527152 23.324118454212623
0.9975198202595904 -0.01930823992170718 0.06768604036580204 1.2273756517878183 0.018246702389951148 0.9997011828405361 0.016266618552287393 -0.31448317886502236 -0.06797989438920705 -0.014991227380000022 0.9975740559279168 24.6538138610733
0.9972989067552197 -0.02575107345860716 0.06878788265802656 1.3244622540751552 0.024562886124689008 0.9995350761279385 0.018063671142445902 -0.3236437411888228 -0.06922106045179152 -0.01632525055385952 0.9974677593708404 25.891577189066744
0.9971322717834002 -0.03132528347295995 0.06889092235857576 1.4246935831069691 0.0300731377831406 0.9993644574192743 0.019138642348824234 -0.33188887543165324 -0.06944666264085594 -0.017011991724035995 0.9974406013320444 27.18401504289474
0.9972175270522546 -0.036601240816828445 0.06494268943041534 1.5194428557596484 0.03527942041289265 0.9991486516320165 0.02138537905331647 -0.337906610582901 -0.0656701319864459 -0.01903473437146378 0.9976598181004847 28.449364905567414
0.9975933750931056 -0.039533700036269825 0.05696090353733143 1.5881397136950928 0.038175844241162056 0.998964907978295 0.02473292429922462 -0.34111755747020134 -0.05787972777079616 -0.02249887084630875 0.9980700065245026 29.52729289282771
0.9978840122745918 -0.0383933328983435 0.052473326897762906 1.6497923818178404 0.03713964327292193 0.9990057193421309 0.024662108978577756 -0.3412050590178896 -0.0533680142437642 -0.02266108361637007 0.9983177501902938 30.68392778518695
0.9979563822374855 -0.039855214904282406 0.0499461809991889 1.723083733355832 0.038688841298600216 0.9989604937735568 0.0241061286535887 -0.3411891030099218 -0.05085501657105225 -0.02212450507073798 0.9984609524487845 32.00900350174892
0.9981503586388956 -0.039265313827412496 0.04641224708069338 1.788201517425992 0.038186807057105795 0.9989847522211363 0.023900472724575406 -0.34005625046384014 -0.047303586712086614 -0.02208392989731692 0.9986364056674798 33.34104078302606
0.998292160388386 -0.03806877356575187 0.044311747723258674 1.8485309351501031 0.037004767783004676 0.999012509964492 0.02458967457637588 -0.3391169391231557 -0.04520408906742959 -0.02290793342153936 0.998715082953061 34.66114566974518
0.998277778282581 -0.039492099390516504 0.043380312042731094 1.9092538203211236 0.03845363104063779 0.9989595483533685 0.024518136418268312 -0.33622642373159295 -0.044303449605935345 -0.0228077802375392 0.9987577331433544 35.930226360575254
0.9982673728023239 -0.04103326704123876 0.042172543132583715 1.9678825627755925 0.04007376700156261 0.9989238311787425 0.023351074953585592 -0.3324744889406326 -0.04308532925082176 -0.021620603578667515 0.9988374261631588 37.182543835232075
0.9982949556666055 -0.04404113685506845 0.03830874254166798 2.027015436954435 0.04321011676634912 0.9988180554154095 0.022257088426346387 -0.329088128820535 -0.039243691208258484 -0.0205638138654497 0.9990180490159619 38.48773470141225
0.9983386109224126 -0.04712189421374226 0.0331593882213965 2.083506459560083 0.04638710889842824 0.9986680644225561 0.02259055622490453 -0.32642538361668333 -0.03417973185315771 -0.021014856369104665 0.9991947366465823 39.887146874235675
0.9984942426400862 -0.04787912821973871 0.026773802410562004 2.128667034409985 0.047288844718427175 0.9986331444703755 0.022262253488964562 -0.32232397945256885 -0.02780310377994652 -0.02096262975221036 0.9993935939228722 41.28611553736554
0.998617026923609 -0.049488243370823776 0.017746754811035922 2.1599013579604756 0.04911427468720767 0.998573984172002 0.020923340001151296 -0.31751343691948425 -0.018756906999887264 -0.020022784594665777 0.9996235624158099 42.57426707459874
0.9986781087764454 -0.05043838828234627 0.00989969889351369 2.1792221568203636 0.05023674452373752 0.9985438607214913 0.01965776475277889 -0.31219755755058476 -0.010876789524473131 -0.01913445068190211 0.9997577547819987 43.90040531600622
0.9986154003515705 -0.05258958660237488 0.0012718339766137 2.19182426489861 0.05255678574206973 0.9984436890020947 0.01865433366138122 -0.3082771910934246 -0.0022508783030032054 -0.018561661371743615 0.9998251838566511 45.27261481053335
0.9983752951127239 -0.05614554706683521 -0.00971841824309511 2.1906724352369857 0.0563132332222082 0.9982519809060383 0.017938851168108175 -0.3034385800176954 0.008694243649859091 -0.018456981382017606 0.9997918533202905 46.65006774097771
0.998182898482609 -0.05666357072264439 -0.02049733957903522 2.171108927049757 0.057022591500681195 0.9982216593632727 0.017376502426577917 -0.2998060118654101 0.01947627365295641 -0.018513738979317698 0.9996388929176385 48.00229966909313
0.9977806570273372 -0.058097464908965356 -0.03253375221594234 2.1379098084733603 0.058685975045959245 0.9981242196620342 0.017435551524416386 -0.29492843635494853 0.03145976470035717 -0.019306131026362375 0.9993185460651637 49.29253434592809
0.997401866930496 -0.05760483122792497 -0.04325736079287002 2.0870492900994915 0.058377084840373496 0.9981531366769225 0.016805704613635487 -0.29004726143604576 0.04220938058183369 -0.0192872797776985 0.9989226041239011 50.58818944040554
0.9969055194279725 -0.05892342632368406 -0.05203282775636043 2.0266779439494558 0.05985787693467609 0.9980691119136844 0.016585608602113 -0.2849608705186124 0.050955077302648276 -0.019648859358921925 0.9985076376387793 51.91475322759259
0.9963211024647972 -0.059997279504216995 -0.061193032572549814 1.9511544242056746 0.0611596596034702 0.9979780440595549 0.017300855824281623 -0.27894433431364596 0.06003129867427431 -0.02097975279067398 0.9979759982846899 53.29344504632259
0.9956918336742085 -0.060996096576671474 -0.06983730061294384 1.8610072341309651 0.062324675813176335 0.9979110731545708 0.01700367196446261 -0.27271045283102296 0.06865425798357874 -0.02128300443785957 0.9974134682180821 54.708955997701125
0.9950724952509608 -0.06116804162707334 -0.07803332543558679 1.7608935206600367 0.06268408487075365 0.9978864584018731 0.01712663545716054 -0.26609014132705994 0.07682079600566318 -0.02193369147396178 0.9968036308518251 56.08894614886878
0.9941811821567864 -0.06306862328215228 -0.08732769207204404 1.6492024950054047 0.06472682926447042 0.9977701177217383 0.016285875933344705 -0.2581039993875239 0.08610583382503108 -0.021843556002678836 0.9960465071684427 57.48708201254006
0.9932655180492685 -0.06413428096666439 -0.09649043817502476 1.5148577287283187 0.06589842214868918 0.9977104742139405 0.015205512227698503 -0.2504490779004675 0.09529432623526159 -0.021461678608219216 0.9952177589546348 58.9701491808323
0.9922203604148508 -0.06425171621891722 -0.10663242162282774 1.368805455462652 0.06611877112391343 0.9977126449131553 0.014063651213656608 -0.24471770505877766 0.10548490168402448 -0.021004645755631494 0.994199044645182 60.41112343166039
0.9903727742818461 -0.06477200331588408 -0.12233705713203817 1.2132820391025074 0.06676603347733949 0.9976932519593726 0.012266693459692897 -0.2386363557856374 0.12126031805575656 -0.02031655928493788 0.9924128035670634 61.74996318525875
0.9882390350440863 -0.06387572565023365 -0.13893704073353072 1.0310582933368433 0.06617320514371328 0.9977362871590233 0.011975316577643775 -0.23426064965844925 0.13785759513404663 -0.0210283845975585 0.9902288071476588 63.09276853485469
0.9866019469745685 -0.06297954486356569 -0.1504997513445463 0.8122539117097152 0.06572120655870575 0.9977492750307164 0.013308162312935681 -0.23263656652622583 0.149322875790885 -0.02302088409374469 0.9885204690147205 64.58150399468992
0.9853923659884386 -0.06345041712237996 -0.15803774744884586 0.5628830743562271 0.0665580899284899 0.9976779952010855 0.014444326104534558 -0.23146694421936215 0.15675428452447557 -0.024752019282052114 0.9873274187546307 66.20026760157506
0.9850247137357524 -0.06115670517235961 -0.16120226655435826 0.28901367891371516 0.0646112100028262 0.9977778631934371 0.016270441392596566 -0.22974174464355807 0.1598490064772752 -0.02644226037237196 0.9867872627849578 67.90005362477797
0.9847268256209079 -0.061531246403769106 -0.16287106746924346 -6.21423583460623e-05 0.06546629311959026 0.997675785852392 0.01889949176544643 -0.22624343161213029 0.16132961094526968 -0.029273401575678586 0.9864663322143531 69.69956047875293
0.9845471521038864 -0.06020911239650429 -0.16444381432134705 -0.30282637017918856 0.06469836299970014 0.9976606408998904 0.02207639971506632 -0.22046179783136427 0.162729920756103 -0.03237450206019338 0.9861393737738436 71.55033427701481
0.9844383545775717 -0.0594782619433638 -0.16535858729682376 -0.598819209510201 0.06469236408936593 0.997558034397487 0.026322348632881208 -0.21055939205535337 0.1633891797676137 -0.036610167511480086 0.9858821793549414 73.35319606364331
0.9845894762344037 -0.05545744907513443 -0.16585546307114027 -0.8966511236751689 0.06124089349261637 0.9976733246114887 0.029958142847722146 -0.19412882917433436 0.16380816906579934 -0.03965360892450247 0.9856949198644445 75.12396538188496
0.9845752104707596 -0.05457226116225238 -0.1662333397309308 -1.184514460578936 0.06080482782448854 0.9976160750987536 0.03263341259800445 -0.17366903234622075 0.16405617281801507 -0.04223783867808834 0.9855463140533324 76.85898894207041
0.984710302849022 -0.05260335161010161 -0.1660677779172478 -1.4747007207604228 0.05958167482674542 0.9975255931599147 0.037319097199689705 -0.1496516707796523 0.1636937490798848 -0.04664309584862419 0.9854079247305799 78.60096534430677
0.9849583959974647 -0.04930329319080101 -0.16560840387686954 -1.7750451722914176 0.05714754030255052 0.9974420027083657 0.04293727833122052 -0.11756087314761521 0.16306782880590145 -0.05175554572861014 0.9852564370228004 80.39124971674076
0.9848690545940021 -0.04755476275089875 -0.16664780179415178 -2.0459620832107595 0.056500172832411565 0.9971820512162027 0.04935268181318681 -0.083076538659616 0.1638312417490168 -0.05802155868254296 0.9847805963538395 82.03183342030752
0.9845907218679228 -0.04640173717961315 -0.1686060176812117 -2.292890185397896 0.05612163138859949 0.9969977921305481 0.05334571189040451 -0.04027207945712261 0.16562449366529433 -0.061986137752936286 0.9842389170443268 83.50184140558686
0.9848451149844286 -0.0452788862891585 -0.16742139035296885 -2.5026977955631966 0.05535220430631187 0.9968954365467912 0.05599662552881108 0.0011824324943042128 0.16436615518329806 -0.06441514611172629 0.9842938869980169 84.74528052522531
0.9860047378940828 -0.044693902889893944 -0.16061479351195876 -2.6831503493098214 0.05435548382440825 0.9969348656674176 0.05627037404266103 0.040195123451604545 0.15760754496100401 -0.064213150219836 0.9854118596354567 85.86222659273562
0.987510909607531 -0.04454547191718827 -0.15112215038762986 -2.854486386070493 0.05385799440876922 0.9968570320509123 0.05809796974861031 0.08005580594389491 0.148059176832682 -0.06551151488341919 0.9868063242467124 86.99958429931942
0.9892119399367132 -0.043230932278553624 -0.13996722609586562 -2.985884952553081 0.052297328696130144 0.996720132362352 0.061757324705846564 0.11495216247228054 0.13683832539859936 -0.0684109950073931 0.988228317983352 87.94878427858006
0.9905200304547391 -0.04641054338415558 -0.1292908764404125 -3.113249778796442 0.05508489147859665 0.9964063773357049 0.06434272247525187 0.1570210407221544 0.1258400731036573 -0.07085472932362014 0.9895169949696381 88.98824209582507
0.9911185753317759 -0.04830559061917678 -0.12389729434996932 -3.2554166711635557 0.05670615147855244 0.9962599602588988 0.06519588920651113 0.20508122685843355 0.1202845876112226 -0.07164259556903783 0.9901509766108042 90.17067264546698
0.9907094694811421 -0.05264838349275405 -0.1253909677608166 -3.3697788415031242 0.061372248662794844 0.9958800584178931 0.06675594609954356 0.2446483768013274 0.12135977164804779 -0.07383127359847587 0.9898589540254515 91.15250164346449
0.9881343884617866 -0.05781858811311394 -0.14229350374440064 -3.4751727081849757 0.06823204389160865 0.9952511563230078 0.06942279182004374 0.2767598081382943 0.1376038463329614 -0.07830802453338759 0.9873869731610062 91.93166755902078
0.9834321642485652 -0.05798707114751527 -0.1717517915514032 -3.5985526637431176 0.07067677720481079 0.9951299748683036 0.06871045249851378 0.3016210087474749 0.1669310381125247 -0.07971093211311729 0.9827411642016087 92.56214676726852
0.9774811307521403 -0.056795901442230894 -0.20323598254955283 -3.7420051093791837 0.07139142939421804 0.9953141631477125 0.06521487902786237 0.32435404063328466 0.1985797140509778 -0.0782556209925699 0.9769555542349404 93.16327577132587
0.970242760851415 -0.05970430662067484 -0.23465800814455226 -3.9042316249476303 0.07622034425748654 0.9951647568297908 0.0619480902463775 0.3473641975306918 0.22982481183870146 -0.0779904002736718 0.9701020839728458 93.78656566102198
0.9609256121239509 -0.06144924529197109 -0.2698999040704871 -4.102121167384299 0.08018637920725202 0.9950355558859216 0.05894393193896922 0.37135965902134427 0.264937940948143 -0.07828302993524353 0.9610825431097565 94.45159188494188
0.9483580622789222 -0.06362101263889344 -0.31075609802765 -4.344740940134304 0.08474312633064832 0.9948873576921677 0.05493403356758567 0.3971331216224003 0.3056723544095481 -0.0784315769004973 0.9489008902380828 95.15619666873944
0.9349776574973886 -0.05864819856201721 -0.3498244828283557 -4.654729683986602 0.08352380591465357 0.9949062840703633 0.05643810559216708 0.4234715758646908 0.3447325830643625 -0.0819870399681043 0.935113667663478 95.94136512514167
0.9188801075962484 -0.05307296050007411 -0.3909509032188886 -5.000626169236558 0.08321992136730165 0.9946890446632172 0.06056524675583894 0.45075680557132264 0.38566020348426844 -0.08818710387995012 0.9184167039844932 96.7217997619575
0.9001478973171511 -0.05293464929310069 -0.43235597123172487 -5.3654146058200425 0.08680810655199095 0.9944779592117928 0.0589740729372218 0.4796784650842933 0.4268467120552411 -0.09061739096974165 0.8997724005888753 97.45678533107868
0.8834000386516659 -0.05153022778020932 -0.4657778519156476 -5.785894364101087 0.08799727910336456 0.994495819946597 0.05687304264015735 0.5103877125308218 0.46028344591201603 -0.09122883170173973 0.8830721656159798 98.23804016094392
0.8685992348741554 -0.05234126382899267 -0.4927430986597541 -6.22994916404658 0.09027793410521988 0.9944784339837027 0.053502700446004664 0.5429821278421335 0.48722198615182183 -0.09095623366270793 0.8685284680240307 99.01315897189825
0.8545607039253713 -0.0540294397141898 -0.5165334674062702 -6.676850713086238 0.09046016583949884 0.9948557192431275 0.04559666967584876 0.5724786349422849 0.5114127117141928 -0.08569082525806854 0.8550521158173504 99.73838761006918
0.8427720983809258 -0.050050372368901586 -0.5359385696293423 -7.156506005136346 0.08626890319747914 0.9953562117019401 0.042704662127989707 0.5971444346914611 0.531312400129825 -0.0822251302954035 0.8431762339014245 100.46836498776996
0.8348980839789285 -0.04611689454834535 -0.5484691617634766 -7.666079986650404 0.08438228268778455 0.9954280367085877 0.0447510234842118 0.6210093112435369 0.5438978026584708 -0.0836436236165224 0.8349724094193685 101.23307795242448
0.8297514002343155 -0.04345959836080552 -0.5564385654495115 -8.181080211584613 0.08524221924388484 0.9951354382399191 0.049388496812729436 0.645483172166588 0.5515853314470668 -0.08841223257763033 0.8294196159140856 102.00079031950924
0.8248611861852443 -0.04235563878279061 -0.5637464176279737 -8.685949001576253 0.08703415609781069 0.9948155228714034 0.05260352769955456 0.6714730749932526 0.5585956312015106 -0.09245580196719759 0.8242710995086443 102.74198436770146
0.819888166661507 -0.04245310618987671 -0.5709475702227524 -9.172896269508646 0.0860953578652137 0.9950491439165866 0.04964665693608403 0.6958492194834563 0.5660132361725251 -0.0898606419168008 0.8194840337137799 103.4345586393357
0.8142799273064695 -0.049668252918844365 -0.5783435524303533 -9.663584101014562 0.09259599688773398 0.9946887853340635 0.04494665383554044 0.7204963127580848 0.5730394239021762 -0.09015145579875491 0.8145541932070747 104.14116623370998
0.8066579928378853 -0.0578797840244928 -0.5881775354363956 -10.19220240132957 0.10178461668743159 0.9939285207805937 0.04178501387690367 0.7456552120614515 0.5821879201740165 -0.09357364041319803 0.8076516572280871 104.88952931281646
0.7997589193138774 -0.05716673988510761 -0.5975932017926641 -10.760384719422113 0.10201105534460476 0.9939196921301793 0.041441406628265835 0.7676331503408017 0.591590581031662 -0.09410424776149985 0.8007277783291049 105.65151851244474
0.7930660040057009 -0.05420873966428121 -0.6067188194167378 -11.355399514189767 0.10005607822559211 0.9940963358803343 0.041967322995481275 0.7892243261638874 0.6008619596051528 -0.09398876280334291 0.7938079225896866 106.42672794076235
0.7851283695528369 -0.05922215787900176 -0.6164950764924725 -11.953965581233442 0.1039442120413542 0.9938983760029814 0.036900121432565214 0.8125772833784509 0.6105481505224686 -0.09305242713003603 0.7864936119885552 107.20114710280804
0.7761098796588332 -0.06636595887770892 -0.6270956977991433 -12.572154251798246 0.10565629978667938 0.9940741730581182 0.025559436108910427 0.833462214128037 0.6216833607322458 -0.08609354192423728 0.7785227684709043 107.9754474624967
0.7684506231595835 -0.062227116583661424 -0.6368763033174748 -13.26857023684103 0.09989754588375593 0.994723839259024 0.02334446264513551 0.8502215208309564 0.6320633829704516 -0.08156144659991428 0.7706124903844207 108.80664788791539
0.763834095115793 -0.05995149170477965 -0.6426222014379914 -14.01051912119362 0.09652429236230464 0.9950897381351115 0.02189689571951794 0.867023601990699 0.6381540065866509 -0.07875424877787135 0.765870245000313 109.6870973626545
0.7613687554884606 -0.053228980697320995 -0.6461302452136708 -14.731426328065968 0.08993340115161966 0.9956597825456294 0.023949546519549947 0.8822059267069745 0.642051089496199 -0.07634312696709812 0.7628513128006211 110.52603671346208
0.7608407878965577 -0.048531986193307106 -0.6471212728608753 -15.33330797737425 0.08752020773437832 0.9957629097694177 0.028221282140858304 0.8991450009923885 0.6430097267624171 -0.07810809076962076 0.7618645663405329 111.23263935334563
0.7615819975132821 -0.04171727686409615 -0.6467244620970553 -15.84948702685096 0.08556094357126177 0.9956630101497557 0.03653074259748741 0.9182878992582353 0.6423956615660451 -0.08315551112567872 0.7618483936916536 111.8395569051322
0.7623422326054251 -0.03427559636498941 -0.6462658151875295 -16.36626196779004 0.08408306702739998 0.9953781337737934 0.04639405828623705 0.9389412224910964 0.6416886770276095 -0.08970816182948645 0.7617007860542965 112.44822450841994
0.7603962862269794 -0.029782212255500463 -0.6487761614959258 -16.86262461283206 0.08639625247180786 0.9947082634678742 0.05559818475053079 0.9606291522080974 0.6436871720417047 -0.09832848225155744 0.7589455409494544 113.03680552753796
0.755775317377958 -0.02774613014532428 -0.6542429379857356 -17.33850648105693 0.08642448926170564 0.9945886128143065 0.05765673348332366 0.982640318610568 0.6491028249038067 -0.1001181478158302 0.7540834696370339 113.58289840618342
0.7506801216356188 -0.028931936386405135 -0.6600320431903794 -17.874562427745676 0.0859996141562993 0.9948195972521725 0.05420364644553895 1.0080547956349049 0.6550445949293083 -0.09745210095199773 0.7492794316367837 114.18815658851008
0.7476750156711396 -0.026518965701055514 -0.6635350898025734 -18.49278992468962 0.07550481114485512 0.9961173680433197 0.045268229216855235 1.0335677734736546 0.6597583606405778 -0.08394601563264471 0.7467743782590984 114.8576821671144
0.7461482199397059 -0.02899831194806095 -0.6651480525303918 -19.114528374769854 0.07339848600881806 0.9965441175111828 0.03889066861692823 1.0580809498223904 0.6617216152827587 -0.07783906318823049 0.7456980515661532 115.55052550851875
0.7446342125317836 -0.03339872117501267 -0.6666366438705913 -19.659563673768698 0.07611359151433553 0.9964813422494568 0.03509495313445853 1.079755093187702 0.6631188511224521 -0.07687301199117112 0.7445561962091554 116.16600194372113
0.745201999553416 -0.03204296946691991 -0.6660684859452018 -20.23987197699414 0.07279826249785602 0.9967841018974871 0.03349428580688 1.1008703429841449 0.6628532211876811 -0.0734486372382889 0.7451381783595273 116.80867721641694
0.7461430729882228 -0.031145010156742866 -0.665056766730501 -20.840481544482937 0.07338028190741064 0.9966665574595598 0.035652594139805066 1.123709637518146 0.6617294378058758 -0.07540398917859129 0.7459412775527808 117.48692512916527
0.7457007006692694 -0.02663297357549328 -0.6657485634531164 -21.428906615802987 0.07087116118052958 0.9967026954265185 0.03950968795669151 1.1457114667695087 0.6625011271947273 -0.0766447757387209 0.7451294081014904 118.14009899332942
0.7455574014203725 -0.02238525769228366 -0.6660653582234642 -22.037133721004913 0.06903258011981728 0.996653500668986 0.04377559235756039 1.1679850433096153 0.6628564430322016 -0.07861742709033634 0.7446077061704328 118.81645711923815
0.7463125355845468 -0.01832043821901885 -0.6653434908172075 -22.714118244660742 0.06528324470379283 0.9968160642390433 0.04578025814612719 1.1945557197103644 0.6623863654924583 -0.07760216245984679 0.7451323420649829 119.5670226703752
0.7469887670647865 -0.013987369488567979 -0.6646895029815201 -23.41639216751023 0.06161764552414997 0.9969320267733056 0.04826799927205512 1.222034428892568 0.6619751110420163 -0.0770122554432552 0.7455588943017533 120.34733134357418
0.7481825072782244 -0.008731383572818024 -0.6634355271944469 -24.127252107704695 0.05581168218587806 0.9971977319074287 0.049817061437427354 1.2512420021768458 0.6611414311132313 -0.07429970672608469 0.7465732125156689 121.13403993287751
0.7495014800725733 -0.007780278408098358 -0.6619569462109404 -24.82191060105046 0.05512768248422416 0.9971913846319236 0.05069793920647098 1.281200883221862 0.6597033196770649 -0.07449033282082274 0.7478253274149672 121.91782100732414
0.7509783399783947 -0.006800315974019684 -0.6602918207777131 -25.520800337859885 0.053454058515387544 0.9972912984300145 0.05052454555962188 1.3122237035671818 0.6581597044118755 -0.07323811697761128 0.7493076682578697 122.70728344205922
0.75230328280449 -0.006589788461106242 -0.6587839899159853 -26.31624684630059 0.052341260161099835 0.9973870277792609 0.04979467142573689 1.3470512276781754 0.6567344692996819 -0.07194227898591275 0.7506824530572015 123.61082309177004
0.7541755927444277 -0.0049563400153572875 -0.6566541022503725 -27.130930759006503 0.05002954588499818 0.9974988631151378 0.049930578031355775 1.3817823504694302 0.654764247532752 -0.07050852982197695 0.7525372597919731 124.53916098619933
0.7560466512158974 -0.0017396815158999 -0.6545154197522389 -27.967252990850895 0.04421349874993537 0.9978480274665843 0.04841983694037746 1.417771601163687 0.6530226854509079 -0.06554607226422123 0.7544965769950298 125.48931226685298
0.7564956037483309 -0.0024261119886679226 -0.6539942778725714 -28.90001969396751 0.0413066975147272 0.9981737829438561 0.04407783778697817 1.457544832287635 0.6526930045970113 -0.06035903432102579 0.7552142932479219 126.5589796622935
0.7577256487120174 -0.001973122274992774 -0.6525702629391252 -29.85997727729934 0.03956562348112634 0.9982946440461749 0.04292278074946743 1.4951919467365473 0.6513727064611324 -0.05834304120634295 0.7565115245786365 127.66635629680387
0.7608654597657099 0.002618218749610156 -0.6489043820672603 -30.823360632503267 0.037802517369223604 0.9981147432486116 0.04835213532310405 1.5318056707440224 0.6478076271672502 -0.0613196888473303 0.7593320577610313 128.7884433714034
0.7643767177815386 0.004892954887701522 -0.6447513414534225 -31.76138204132156 0.0379856373065109 0.9978926139195146 0.05260629661259847 1.5727445705780485 0.6436500016872049 -0.06470231894871617 0.7625800189165188 129.89605663942498
0.7704225891377868 0.002461944705815146 -0.6375288016823185 -32.59665524548877 0.03950874011589021 0.9978861223116196 0.05159792972910936 1.61359291288354 0.6363081750226712 -0.06494017035811167 0.768696741682424 130.90310284388525
0.7787186641766586 0.0019077460897725697 -0.6273703870663448 -33.38285637776824 0.038929143188176925 0.997921430632492 0.0513550396264101 1.6522476948744012 0.6261643265737459 -0.0644141194867452 0.7770257764947006 131.8743657307771
0.7864145327707268 0.0048257940680048435 -0.6176802525244036 -34.16005527880585 0.0353208193873102 0.9979820288857499 0.05276655890700565 1.6904840834552426 0.6166884321639305 -0.06331336140729453 0.7846571199590944 132.8511738594899
0.7957846104086095 0.008381715041505089 -0.6055217590555922 -34.92910412415042 0.031038010356555592 0.9980254987174988 0.05460536441403159 1.7303160241724385 0.604783842170012 -0.062248299275127546 0.7939531809165009 133.84423859240553
0.8076755287729928 0.01030334755838085 -0.5895371754608489 -35.691640161080066 0.027653595568843798 0.9980851335673073 0.05532942078171547 1.771625477386671 0.5889783687652539 -0.06099104180956831 0.8058440134080552 134.87360637919514
0.8205092439690269 0.01082921391509612 -0.571530671694315 -36.43469706845431 0.025388730994604612 0.9981435348012505 0.055361505334874016 1.8149705683894468 0.5710691664762311 -0.05993506536611741 0.8187110571133747 135.92793593404613
0.8333153837719439 0.00993290335989469 -0.5527086109333368 -37.13137102737 0.02503043581375375 0.9981350889925493 0.05567603977299285 1.8582464004060337 0.5522308832834226 -0.06023023786000946 0.8315126998400777 136.9736970407484
0.8456830632635827 0.009704869813391975 -0.5335972001529117 -37.80019774347634 0.02430753296953418 0.9980966003845949 0.056677333579170146 1.902129302617668 0.5331315975911167 -0.060901492614012585 0.84383748900326 138.02732913896506
0.8595081380397153 0.009739753138336433 -0.5110292534212736 -38.44337037317543 0.02367428704805183 0.9979867307870921 0.05883887580209268 1.946957040202119 0.5105734900837161 -0.06267074582045364 0.8575471350555839 139.10180283460858
0.8742878456876609 0.010137592418465707 -0.4853019597145523 -39.09193907760694 0.022543255031836927 0.9978551267712573 0.06145687617251407 1.9963338216828186 0.4848840732952543 -0.0646712857168561 0.8721840747619336 140.25836095758268
0.8884327772922328 0.011519479314840578 -0.45886218173774584 -39.71809452340087 0.01990748338871864 0.9977773531207406 0.06359281173602255 2.0488738452432966 0.4585748492208629 -0.065632729607112 0.8862287811092471 141.45059377226545
0.9007580380963539 0.010635582224738462 -0.4341910192479196 -40.30586330335145 0.019019207155839518 0.9977752290157935 0.06389727788912526 2.1034169555811695 0.4339046284196214 -0.06581395561138732 0.8985517774078529 142.65858931240462
0.9084695693810859 0.008732819731987604 -0.41785976040780937 -40.856570630835805 0.01785411463899034 0.998058177033475 0.059675001860666294 2.157247490278563 0.4175694817620189 -0.061673439308517104 0.9065495655422579 143.84719465653728
0.9138805874153236 0.005266635467746105 -0.40594893089682094 -41.338926047522165 0.018651311638152784 0.9983154435006313 0.05494000220522587 2.2047915055734757 0.4055544359510799 -0.05778008150724257 0.9122428742727545 144.93398086211985
0.9189379882892981 0.004730554514469118 -0.39437367499974263 -41.78457000695354 0.018112283646126593 0.998366940175796 0.05417931288911714 2.248116043292639 0.3939859373885561 -0.05693043665738244 0.9173516264345202 145.9709687878562
0.9226521345243702 0.006792970419778499 -0.38557346149663646 -42.21882101012503 0.016619406551580302 0.998215475666168 0.0573555530566571 2.291157612730057 0.38527501084744054 -0.059327225566663165 0.9208927442015522 147.00233916162748
0.9271581812451639 0.007141033856004621 -0.3746020723189152 -42.62321253002384 0.01575077061499576 0.9981916005412204 0.058012428271759495 2.3336926342770115 0.37433891084843435 -0.05968696879905738 0.9253690321057793 147.9957716522993
0.9324637066013897 0.007534970798560766 -0.3611850773305291 -43.00720513830496 0.014103642047145105 0.9982610180296319 0.05723658937641156 2.376239831617295 0.36098825902264653 -0.0584650673265907 0.930735898496611 148.9828746287407
0.9367413872099516 0.009837102674816628 -0.3498839877715747 -43.39536393530067 0.011638074760367701 0.9981769583576359 0.059222588762787645 2.4199464672438893 0.3498287133781992 -0.05954822595895938 0.934919183716589 150.00894774564884
0.9401024257451674 0.009463855079325597 -0.3407607145125276 -43.78662416116977 0.01119674195027619 0.998217975310485 0.058613195926607575 2.466557779232088 0.3407081772980355 -0.05891781745846908 0.9383211756686405 151.08448707813233
0.9429183112549364 0.008907839084453658 -0.3329049544584511 -44.16997011707686 0.010817852069476773 0.9982953667932204 0.057352721956228356 2.512857295437647 0.3328483624366217 -0.05768024828336819 0.9412146177048183 152.16347781002503
0.9463154417465164 0.006913747879949831 -0.323170674415775 -44.52841533454565 0.011716812745115629 0.9983805687266517 0.05566827003005486 2.5576735599676415 0.3230321981028983 -0.05646627382159811 0.9447019418364254 153.21480141026018
0.9485832050525186 0.0041170862537816474 -0.316501110097689 -44.930870587751436 0.014391807653752543 0.9983203079353302 0.056119859554000534 2.6077394379676018 0.31620053599693304 -0.057789379341556146 0.9469306250568565 154.42895240204868
0.9493355533636862 0.002126809142437662 -0.31425703461105503 -45.34910186936656 0.016544407589244133 0.998252199411003 0.05673472436358335 2.658172031640425 0.3138284399113359 -0.05905948741703114 0.9476411173270466 155.69727783451742
0.9499923424432785 0.004047694414763474 -0.31224696230557025 -45.76454459692211 0.01553973413728043 0.9980643582811849 0.06021672020049828 2.70925315042501 0.3118863029407896 -0.06205765785692487 0.948090597537618 156.94819107775163
0.9510582007430294 0.0075176202963817065 -0.3089203524931784 -46.18494804260083 0.012815238382482615 0.9978844243524269 0.06373731481653253 2.7620614677102258 0.3087459610499061 -0.06457678390800414 0.9489498250779477 158.21707458385848
0.9523019258783375 0.008492768873269598 -0.3050392021450248 -46.60706363964916 0.011534057455198676 0.9978966133661288 0.0637911792572248 2.818872062894429 0.3049393505060114 -0.06426680254433417 0.9502009106518992 159.51816405164257
0.9531798762222906 0.008368326980784527 -0.302288098787234 -47.03424266585686 0.010686779949068761 0.9980604951965018 0.06132732394643378 2.877115965334623 0.30221501666723627 -0.06168645744126764 0.9512417488047759 160.84973657063105
0.9542643672143662 0.0054761531460394315 -0.29891391605558426 -47.44253409806476 0.012731070525571112 0.9981809326649214 0.05893000515405778 2.933011877588741 0.29869288124800786 -0.060040298224654634 0.952458778783028 162.1551111951737
0.9548636442388007 0.003568728873913232 -0.2970230379704922 -47.81821256940406 0.01431029181644666 0.9982141308985983 0.0579979691237633 2.9833938186975737 0.2966995727316167 -0.05963063850553139 0.9531073132089051 163.36541517153498
0.9551077575778363 0.0031715617412994323 -0.296241645638754 -48.175330723748694 0.015145076615715649 0.9981125276718519 0.05951477765066124 3.0312519960243933 0.29587125252200464 -0.061329628244631264 0.9532569845694467 164.51411828979312
0.9555454347512632 0.003306652435367734 -0.2948253519894281 -48.54109008987534 0.01578230599766459 0.9979299452863009 0.0623437496327735 3.080933406849619 0.29442119649137755 -0.06422530926783884 0.9535152168193414 165.69548542838675
0.9560040226679194 0.0031643955173714924 -0.29333648808793683 -48.90500208882174 0.016483972730417823 0.9977824527961435 0.06448608791926724 3.132721830885102 0.2928900600665329 -0.06648431012741478 0.9538318768111619 166.8785326223137
0.9564630599788377 0.004470539693243038 -0.29181917204112495 -49.2643140057093 0.015170423314457828 0.9977694355030082 0.06500778286070971 3.185392054666612 0.29145887043007707 -0.06660456328853281 0.9542617874549763 168.04092942488387
0.957131346172584 0.002368818094722481 -0.28964456645117587 -49.6276681190844 0.016425156841642283 0.9979136613288221 0.06243827957294646 3.2401104588448053 0.28918817471774794 -0.06451909201264454 0.9550955378229344 169.24133220622144
0.9578018988360628 0.0005983737895418607 -0.2874285381357228 -49.9911054451668 0.01761221295931894 0.9979965805983131 0.060767055784752166 3.2938376011605146 0.2868890596392724 -0.06326505404154475 0.9558724812423535 170.4526004965348
0.9583473820289609 -3.725927919008672e-05 -0.285605136455879 -50.35566315935091 0.018507674502727976 0.9979062596659678 0.0619722752848087 3.34675099645345 0.2850048444197677 -0.0646768546794072 0.9563415410438061 171.67365169864914
0.9586412327858543 -0.0015057373485451349 -0.28461328071236097 -50.71260308407607 0.020798996642612498 0.9976829564326378 0.06477746662604923 3.399618968211371 0.28385628149025766 -0.06801802113311978 0.9564513371100787 172.88212783290885
0.9587954978381155 0.0001327423441485727 -0.28409712371798035 -51.064685888519534 0.019963355888383973 0.9974964567367874 0.06784012985855492 3.4524268775347937 0.2833948795356629 -0.07071634306878392 0.9563924618460483 174.0581315390498
0.9588947268083239 9.367837229835848e-05 -0.28376203784782655 -51.41320721085614 0.020359636620926356 0.9973999538679378 0.06912898972859906 3.5069703378228922 0.28303071935013063 -0.07206471569773579 0.9563996490252137 175.22959862474625
0.9591146646672201 0.003524512743365418 -0.2829958265243607 -51.76151062987023 0.01725783241772715 0.9973333839924374 0.07091042514631973 3.5612519119361834 0.28249111002034316 -0.07289512318469615 0.9564962486990535 176.38309209144666
0.959445685815545 0.0033523878413215576 -0.2818736196696978 -52.109619172747145 0.01698508331756036 0.9974250177403561 0.06967668857187827 3.617977220464683 0.2813813833831787 -0.07163864516731415 0.9569181896086829 177.5554988850436
0.960198281400675 0.002700702262954462 -0.2793062237088083 -52.43533424393762 0.016158098341087043 0.9977416643511325 0.06519575964607364 3.6702505142672663 0.2788515308424674 -0.06711391379673609 0.957986193179054 178.66040585881024
0.9608859413805766 0.004260213856664897 -0.27691164337213453 -52.72691722371516 0.013737559578686819 0.9979175750981464 0.06302216092021846 3.715967531940684 0.27660348355359254 -0.0643611986225192 0.9588264436267331 179.6529468483895
0.9610245942643972 0.0031203886667622227 -0.2764452792028045 -52.99986490740362 0.014380690005838637 0.9980183815569635 0.06125770016391038 3.758765494643428 0.2760886179723893 -0.06284563030938523 0.9590753368620792 180.59700544696048
0.9612668566789141 0.0018866066237462533 -0.27561290057993326 -53.28553523271407 0.015556911556257646 0.9980110179415772 0.06109002021642623 3.8029337001569274 0.27517996430239516 -0.06301149722598115 0.959325564375239 181.59181845599724
0.9615101306081686 0.004004492816726182 -0.2747403006024795 -53.593567066866584 0.014073569978962901 0.9978636076736006 0.0637977672702563 3.849374406604518 0.27440882523327664 -0.0652087763871041 0.9593996102334982 182.65174993458527
0.9619648188605081 0.004238656848530252 -0.27314047862370733 -53.908442008931786 0.014599408929940695 0.9976529358465834 0.06689900489233944 3.8983389019861683 0.2727829623227294 -0.0683421786659549 0.95964514383267 183.75457709389758
0.9625571483709738 0.006543429807491822 -0.270999851745885 -54.22836793893779 0.011678887920068545 0.9977793730572942 0.06557382311822185 3.949519976060226 0.2708271398824118 -0.06628352908335375 0.9603432480500751 184.86399571108285
