1.0 0.0 0.0 0.0 0.0 1.0 0.0 0.0 0.0 0.0 1.0 0.0
0.9997891927130075 -0.0030762303037082665 0.020300417271367156 0.026540753045302345 0.003079787686252324 0.9999952470781421 -0.00014397546122260038 -0.0291041555952265 -0.020299877883393377 0.00020646608528436706 0.9997939149293095 1.216710229135713
0.9991093098695886 -0.005509297674178542 0.04183580489308823 0.07822510237044902 0.005504470982396747 0.9999848237044063 0.00023056468146327277 -0.05827850619499163 -0.04183644023001009 -7.534571785600673e-08 0.9991244728605521 2.428817897521389
0.9979574464344502 -0.008354751141323516 0.06333350803010211 0.15665025339475613 0.008426101505902265 0.9999641303371761 -0.0008595652554841365 -0.08649992710005053 -0.0633240548247243 0.0013914641147932407 0.9979920480185068 3.6221384860405896
0.9965070147628325 -0.009281801866029372 0.08299167236891136 0.25737820100349684 0.009480167401949336 0.9999530692456693 -0.0019964298630553647 -0.11615467938406998 -0.08296924704069557 0.0027762313100416834 0.996548240972415 4.841523904618057
0.9949423283263981 -0.011019885973427705 0.09984150147899337 0.38097086377893713 0.011381190633750985 0.9999305808730571 -0.0030499073150502282 -0.14704588841585314 -0.0998009609382866 0.004170797046708139 0.9949986797216323 6.066031898995693
0.9931815644947677 -0.014196129583692709 0.11571019770344289 0.5216330586793841 0.014813121164344417 0.9998802701553211 -0.004474013354279565 -0.1771340938986923 -0.1156328300661075 0.006157536761305204 0.9932729400079001 7.244376768322063
0.9913905468986959 -0.014081954519600533 0.13017865445922264 0.6732557332843059 0.014734435615278771 0.9998832386951949 -0.004050355973093791 -0.2084339617263333 -0.13010641770106882 0.0059335936259128875 0.9914822804970742 8.409648051448471
0.9896530080740841 -0.010472725041995966 0.143098726898995 0.837044818816671 0.010921907130933089 0.9999375838193039 -0.0023538076042710202 -0.2408508643671963 -0.14306514444315807 0.0038923637817400445 0.9897056198434213 9.603937472342212
0.9875921485657736 -0.008061517821623176 0.1568335423997447 1.0290102497486755 0.008577089479482443 0.9999598076321399 -0.0026108727194715537 -0.2741889479935705 -0.1568061912913576 0.003923652725201485 0.9876215992585382 10.860379905075485
0.9853358581362167 -0.009668096288845207 0.1703519139461503 1.2519917715143012 0.010230299013154519 0.9999447341280875 -0.0024227405168637554 -0.30871587071928164 -0.170319076010494 0.00412996412335761 0.9853803102068122 12.159962614118012
0.9829143165227315 -0.0112319008927716 0.18372068685095969 1.494678834447572 0.01167682764481667 0.9999309255874056 -0.0013400559951276517 -0.34402848412678655 -0.18369294507630582 0.0034624350176990716 0.9829775752645346 13.470042467536715
0.9800250108457551 -0.013740370126377112 0.1983990432072941 1.7515837854185836 0.014105880025752505 0.9999004150947491 -0.0004290012236506655 -0.3778581709426752 -0.19837339102177665 0.0032190250295672583 0.9801212351604176 14.742566660615239
0.9766672807877054 -0.013855159802887939 0.2143106557910443 2.015917242651164 0.014104079602806342 0.9999004649386789 0.000367632933277739 -0.41038390940879577 -0.2142944179798176 0.002663599491734137 0.9767654824267905 15.965158838215576
0.9726021699168276 -0.013754606379693939 0.23206858873277003 2.2822118244599117 0.013833197742545737 0.999903486211402 0.0012887600638508366 -0.4410260725367923 -0.23206391730145284 0.0019567998431704527 0.9726985705865306 17.097071947173973
0.9675826327421323 -0.014786032205756567 0.2521214430932344 2.5540050163833055 0.014843471762239905 0.9998884280073114 0.0016741813261069518 -0.4693273721513663 -0.25211806790043495 0.0021224487460073174 0.9676941536712277 18.1379068188451
0.9621459304558376 -0.016516190491457406 0.27203386546332997 2.837451665402334 0.017116054924431426 0.9998534955334789 0.00016772986959723838 -0.496716580672149 -0.27199678154547174 0.004494765971126868 0.9622876638031745 19.128161724126773
0.955887993189024 -0.020109585598438014 0.29304223082026926 3.116290994402223 0.02156146804931394 0.9997660365430953 -0.0017248972347043636 -0.5223774333203672 -0.2929389826783375 0.00796722925306976 0.9560979425170891 20.006496451259395
0.947431943869621 -0.019857319942820837 0.3193405683281101 3.366776938564274 0.022035125130832434 0.9997520508559897 -0.003207813852588 -0.5450591582245938 -0.31919768952155736 0.01007589469639039 0.9476345874598333 20.72389161591179
0.9359458446371509 -0.019503486233299457 0.35160345551657823 3.627055101389601 0.022434275182759644 0.9997392312970139 -0.00426294530597662 -0.5666079186331427 -0.35142862604442915 0.011877854621312361 0.9361393258303604 21.380784620897213
0.9215717400938566 -0.01859342550746835 0.3877625721859714 3.9002158458021117 0.022826567048264107 0.9997195049274329 -0.006313422561660674 -0.5871836892086532 -0.38753641854304954 0.014669560168907853 0.9217376678357458 21.986983838343217
0.9042705164341234 -0.02222704214595609 0.42638104050884673 4.176111447991888 0.027823683056841676 0.9995890286516923 -0.006900468123352399 -0.604312082554791 -0.426052433121931 0.018103380806105587 0.9045173253367093 22.504100619014146
0.8846959934950861 -0.027301175279538417 0.4653682895536603 4.474469078379965 0.03458031587121268 0.9993766283635332 -0.007110304844799523 -0.6213057562425167 -0.4648840724825823 0.02238304065793436 0.885088582370667 22.999634337680096
0.8679050250050954 -0.027844962576926195 0.4959491159685584 4.756667744859264 0.03610420596469577 0.9993229851607535 -0.007075142476385628 -0.6365271922844796 -0.49541634398005496 0.024046400738819692 0.8683227606880669 23.446767746269312
0.8475925757922194 -0.021562292078231512 0.5302092917162466 4.966429912230007 0.031820982812317676 0.9994412889683112 -0.010224233869621709 -0.6494564480777234 -0.5296926000188877 0.025537765479688525 0.8478051497953624 23.746769515383033
0.8216728137811923 -0.019577921016878327 0.569623114086459 5.179303392572083 0.03176573126595243 0.9994295117102863 -0.011471244033681003 -0.6566364107224977 -0.5690735676606654 0.0275201041276708 0.8218259660407221 23.989009291580857
0.7997638640446247 -0.02048733630336275 0.5999650246636085 5.317250179539422 0.034254287500263235 0.999346564995378 -0.011536326095868793 -0.6612379225523831 -0.5993366379225127 0.02977771118024062 0.7999430494482761 24.11173378582476
0.7745296072638949 -0.0209520701322294 0.6321905553144648 5.493537478787244 0.03693716558480286 0.9992438874326514 -0.012136689295099957 -0.6685368525552171 -0.631458259325348 0.03275155241601653 0.7747178857778775 24.268520051650825
0.746177565370598 -0.019205130889256912 0.6654699120810305 5.844777168569745 0.037858144498191366 0.9991903902250099 -0.013613411664578193 -0.682472300129685 -0.6646696937823798 0.035351478463024985 0.7463005233401074 24.62168840728433
0.7245638564041622 -0.01757016316025886 0.6889836771355698 6.402549832658562 0.03852794055139673 0.9991443645837158 -0.015037836196520793 -0.7084105460096396 -0.6881299410646204 0.03744099474008714 0.7246208361089799 25.191473213015694
0.7081775254974779 -0.0176822499094321 0.7058129571057828 6.9820982352176575 0.041568946231244755 0.9989963792818745 -0.016681033868773436 -0.7360166185877852 -0.7048096303892945 0.04115303415117373 0.7082018163565104 25.757052797908358
0.6960162518514796 -0.01594561059054036 0.7178489497530192 7.550913185620233 0.04346777018929817 0.9988554582450604 -0.019958118368794135 -0.7613155633028355 -0.7167090972726584 0.04509446791954953 0.6959127523257967 26.29649810005229
0.6946439869298149 -0.012638282482990891 0.7192426608858316 8.180294547003797 0.04311262532014921 0.9987797921993214 -0.02408792710647046 -0.7929269754898004 -0.7180606053532365 0.047740973075151384 0.6943412464556482 26.904948611684098
0.6995584070282956 -0.010928527463254093 0.714491849109224 8.876943668377404 0.044202084901097484 0.9986300470752725 -0.02800365634764536 -0.8323516104550974 -0.713206990183376 0.05117222260099465 0.6990831086413445 27.58679544167726
0.7061285539493107 -0.005449391402650835 0.7080626875007578 9.705327300168017 0.041492701673904474 0.9985705078062188 -0.033694163403065754 -0.8836068148415913 -0.7068669047318995 0.053171844739230596 0.705345258665409 28.420230059191105
0.712882570183749 -0.00016109981517463683 0.7012834057462514 10.644523729327128 0.03789344991394549 0.9985478956155398 -0.038290816332351915 -0.9520927682918326 -0.7002589003945839 0.05387090317256759 0.7118534949057578 29.38112984855405
0.7181957666667314 0.0066023729865024245 0.6958097796186345 11.598481953342842 0.032511010738939694 0.9985445846998139 -0.04303192474675241 -1.0272630212474325 -0.6950812002368635 0.05352682540207961 0.7169358437403295 30.376328448906108
0.7231118166510544 0.01281926199708295 0.6906120236004161 12.501305498523712 0.026806164902789042 0.9985537501766157 -0.04660297770982491 -1.1033342327470026 -0.6902106418643633 0.05221182366158167 0.7217223810629103 31.331571442150207
0.7291204527040022 0.02033907981115425 0.6840830996897571 13.36516447982272 0.01784426507274834 0.9986535080819877 -0.048710912530500194 -1.178501868468873 -0.684152722462408 0.047723082758514696 0.727775761975693 32.27110423039098
0.7354095265066946 0.02627360193993006 0.6771133776291092 14.221696977268607 0.00901378964878412 0.9987803296055716 -0.04854487397402603 -1.256821755040751 -0.6775629711837612 0.04180372033789216 0.7342757445582319 33.219907675770024
0.742211810899034 0.030503761600421463 0.6694707971899899 15.094731564009589 0.002913876842811771 0.9988072433245884 -0.04874012724729402 -1.3362948145176818 -0.670159038649574 0.03812625356053409 0.7412376486024692 34.200223775756534
0.7489287258847233 0.03229387874054126 0.6618631799251082 16.000144001016444 0.0006716965955012188 0.9987742631081431 -0.04949262749613031 -1.4200352219551617 -0.662650218719023 0.03751102169600739 0.7479890446276297 35.227061096329415
0.7569900986037399 0.03231565555594977 0.6526267608839598 16.90046403620658 -0.0010550889162293602 0.9988354666387076 -0.04823481493709055 -1.5042800382135173 -0.6534254949137501 0.03582469805351798 0.7561426542697458 36.27001912975496
0.7665824366235258 0.03255636982286723 0.641320084391791 17.773843943288583 -0.002679422289680083 0.9988674369298552 -0.04750435914077772 -1.5864854785119171 -0.6421403184324525 0.03469764005143757 0.7658014659285592 37.31254677822218
0.7751108667781816 0.03231228806682194 0.6309984629476219 18.66085418919417 -0.004263470082459633 0.9989361822877169 -0.04591651706409772 -1.6701282162002786 -0.6318108633327154 0.032900148272132765 0.7744240525825891 38.401096400836096
0.7816883378694399 0.029460673545452537 0.6229730420757862 19.59024204739512 -0.004411879223437287 0.9991198961276502 -0.04171292945349064 -1.759968429210439 -0.6236536520863399 0.02985802867106863 0.7811303478698344 39.559389398882104
0.7876011157274423 0.026929452676058445 0.615596691904249 20.536194723926183 -0.004573613029084417 0.9992725135246547 -0.03786193045764614 -1.844277192757869 -0.6161684547011052 0.027004597621282395 0.7871513114634094 40.762965114773785
0.793908706415329 0.025048577219730545 0.6075208100610261 21.348554596315953 -0.005762191549624043 0.999416167919168 -0.03367670486124737 -1.9128111930267233 -0.6080096734645628 0.02323557791476932 0.7935895317432577 41.82249869545525
0.8007192835330555 0.02472576928317181 0.5985292518429356 22.063016404161665 -0.0070519551706053904 0.9994676323093489 -0.03185469971945132 -1.9677704333410162 -0.5989982461631932 0.02128587088422733 0.8004673714737653 42.77974310343741
0.8071685276704424 0.025005786062317712 0.589791216111036 22.71151561731734 -0.00820151081155802 0.9994810288609124 -0.031151375050563188 -2.0155663628003615 -0.5902640961118488 0.02030723049897623 0.8069547157249436 43.66968877041124
0.8145083715626737 0.024944776849310898 0.5796152782339841 23.291878271116897 -0.00882491753702974 0.9994923335186965 -0.030613658190695243 -2.056285884750275 -0.5800846778572815 0.019820023846862034 0.8143150085623653 44.48824122246425
0.8212427807270398 0.025265983213769133 0.5700192323035778 23.874541268766926 -0.01042420083601139 0.9995167476704752 -0.029284930649866113 -2.098182823007799 -0.5704836817479093 0.018108042922373037 0.8211092909234878 45.33561705946654
0.8258637403165177 0.022693725713424127 0.5634128834555123 24.495956153408976 -0.00862813614128888 0.9995814000956615 -0.027614848352389424 -2.1429978269817695 -0.5638037226705221 0.01794489888636747 0.8257138383888333 46.24135914512178
0.8293884796755884 0.020062879382463285 0.558311947438258 25.116617918106673 -0.007480297659900647 0.9996641825924097 -0.02481062652915244 -2.186520039485683 -0.5586222291749009 0.016401308262895587 0.8292600328961544 47.16035351461371
0.8321258272577163 0.017400164725291805 0.5543138478138478 25.78267300445683 -0.007656473342496445 0.9997728659420829 -0.01988956867079802 -2.2331317399529587 -0.5545340260314217 0.012306534584823598 0.8320700470392481 48.16010499038706
0.8341138521923723 0.015325471835166506 0.5513793716615003 26.484665934107348 -0.007930909918557189 0.999843832660621 -0.015792750184337116 -2.279008834453541 -0.5515352955601898 0.0088000115653712 0.8341051357879203 49.222110605114
0.835750916736352 0.01298905567345987 0.5489550888798265 27.205449430552562 -0.00671467639167666 0.999887186346057 -0.013436059761732207 -2.3230658456428293 -0.549067680978677 0.0075431434877999675 0.8357438499271299 50.31331227997254
0.8375203025064936 0.012905063457154278 0.5462537892102884 27.916609514320616 -0.007457729411276585 0.9998979121407882 -0.01218800921076266 -2.3643935854642666 -0.5463553103626433 0.00613389221133502 0.8375310443230631 51.40373290523229
0.8390802794552226 0.01176652691300559 0.5438803484901353 28.6362931765963 -0.007333647623049388 0.9999198691996678 -0.010318565416809313 -2.4046731471317044 -0.5439581806002066 0.004669477928585394 0.8390993348430141 52.51079349782566
0.8408745730001527 0.009070086962079156 0.5411540316807327 29.464342849699705 -0.005432254222715165 0.9999506422162131 -0.00831887885737864 -2.4496182178302273 -0.5412027744717053 0.00405544743330126 0.8408823403129869 53.78579781265478
0.8430392544035339 0.007702719694510046 0.537796879541005 30.31506223947502 -0.003920399783157086 0.9999588859614368 -0.00817660395908577 -2.490603774122251 -0.5378377506277104 0.004784819335285531 0.8430347913957381 55.10992582158679
0.8446904240343531 0.007455555995926745 0.5352032345095249 31.12672502886511 -0.0036855214281012265 0.9999602968159241 -0.00811305883213389 -2.531133944167817 -0.5352424726014084 0.004880520115956881 0.8446843647463417 56.385708271454426
0.8462771499668565 0.007552478768692873 0.5326893517880982 31.98711783926388 -0.0036025122304658317 0.9999577737289994 -0.008454150730517583 -2.5736783146624442 -0.53273070809707 0.0052355346807570905 0.8462686227357147 57.746171103778956
0.8478680668880865 0.00652424750377427 0.5301671202045348 32.87050382738758 -0.00314583370250394 0.9999685909628483 -0.007274669620893696 -2.617137236178309 -0.5301979299108748 0.004500142474017738 0.8478619603661546 59.15216140280083
0.8492237518557191 0.005520478807660522 0.5280043026319302 33.739907555116744 -0.0032918673080772985 0.9999812654939373 -0.005160646352042544 -2.6582153316749006 -0.5280228999709419 0.0026444233547238912 0.8492260147519033 60.546839980228114
0.8507511696156211 0.0036028617463910286 0.5255563402575308 34.56711060941129 -0.0012334571654875031 0.9999874363700058 -0.004858568262935672 -2.6951058125690746 -0.5255672421118677 0.0034851813985918166 0.8507449250683464 61.8757515782732
0.8525410108020021 0.0023463275756463375 0.5226550675613972 35.40612040450829 0.0005256393347819636 0.9999855687306249 -0.005346590855784802 -2.732873178656123 -0.522660069838888 0.004832916034568909 0.852527474230956 63.23392807339804
0.8545804871076939 0.0008390835728370129 0.5193182906402725 36.28610263595304 0.0028970386897709155 0.9999754318505442 -0.006383013563211458 -2.7730041101611267 -0.5193108878327194 0.00695928402035483 0.8545570607889904 64.66866436724298
0.8567747460076548 -0.0013660675210816812 0.5156890230197334 37.13177192307994 0.004453358091281869 0.9999788026640107 -0.004749928879824089 -2.812933533556176 -0.5156716030626766 0.006366166992815877 0.8567626682533448 66.06316396802835
0.8589502870028706 -0.0032579723389322326 0.512048620810491 37.91866251743717 0.004376113089691325 0.999989946256264 -0.0009782743080945255 -2.8486846957037653 -0.5120402856142415 0.003081071669792502 0.8589559085922012 67.37959670876823
0.861001115171387 -0.0066782277375393335 0.5085592206891093 38.697664324476214 0.005885570496693722 0.9999776649059968 0.003166977909553075 -2.8808018948933056 -0.5085690117708291 0.0002663896332610254 0.861021189810685 68.69100856990045
0.8632450849381601 -0.008167538229040703 0.5047189461961841 39.460984274804815 0.0064429211301506115 0.9999659198557661 0.005162159850643613 -2.909127942308536 -0.504743907439625 -0.0012043447554984646 0.8632682882257933 69.99155843150736
0.8663065289928905 -0.008572942715570788 0.49943918796735054 40.200192536250974 0.00843773418782608 0.9999612043354508 0.0025287280937660514 -2.934020024565461 -0.4994414905332428 0.0020234814533749293 0.8663452562672361 71.26296563306529
0.8696636375728325 -0.009318987838291756 0.49355679911157146 40.96188976855618 0.011551797368874402 0.9999321883971902 -0.0014746473330725593 -2.962248363786181 -0.49350958801338357 0.006983915297184076 0.8697123153468538 72.58988552929695
0.8727314490901867 -0.00953253355776516 0.48810751743126657 41.7609193575181 0.011896816894538021 0.9999277108423218 -0.0017432261512072872 -2.9974093537294073 -0.4880556151881901 0.007328294044762345 0.87278176687513 74.010255984454
0.8756221025668007 -0.009902538763328224 0.48289530254759866 42.53512394662838 0.009456359738021789 0.9999496473324548 0.003358580087847259 -3.0327033898193116 -0.4829042459504802 0.0016255847385311518 0.8756716546270403 75.41714548881147
0.8777285211459307 -0.01049978523962735 0.47904321065734784 43.28590342848627 0.007439958555823449 0.9999380010181355 0.008284994661748039 -3.063232576490295 -0.4791005011306779 -0.0037079144784187682 0.8777522208382936 76.79649910764103
0.8793744480563662 -0.008946590422982943 0.47604678197144207 44.042320600750756 0.006498319974806942 0.9999558417195463 0.006788700056769418 -3.088258706653213 -0.4760864962830473 -0.0028763050532142438 0.8793937542001168 78.19539922514065
0.8814951309998025 -0.006837269224538173 0.4721436071506136 44.757259189376846 0.0067284059171600205 0.999975522691843 0.0019190026032409383 -3.1136074792357875 -0.47214517108348814 0.001485182388968628 0.8815195582945494 79.52681226248025
0.8843147789895646 -0.0033935774905234036 0.46687884434021365 45.42108560641545 0.0066454772893009524 0.9999637732969737 -0.005318808633272216 -3.1411489397659733 -0.4668438810697165 0.007806133837937868 0.8843052951228271 80.7811065231342
0.887955541539298 -0.0014730706870665908 0.45992693584133887 46.09441392885664 0.005299692619622877 0.9999612516724609 -0.007029111735093459 -3.1750679940156554 -0.4598987600633321 0.008679010104719252 0.8879289415689825 82.07843326727476
0.8916960977996686 -0.004201853182808671 0.45261508326465855 46.7534746610451 0.006492410299532696 0.9999727728821649 -0.0035074353675979275 -3.209210376048847 -0.4525880221319901 0.006066129258882934 0.891699099639822 83.36855151221397
0.8943289716790747 -0.005001567433045527 0.4473820232627386 47.409108598375624 0.004350171274191071 0.9999874543330615 0.0024833820426412427 -3.241982411535141 -0.4473888313596291 -0.0002747720822945798 0.8943395094006357 84.68521011340985
0.8962453545282115 -0.006226982462748842 0.4435149255391633 48.05875453090297 0.004230403448359018 0.9999759758536719 0.005491029244345086 -3.2702242228864287 -0.4435384630145007 -0.0030450623814232735 0.8962501656467516 85.99879098303134
0.8977538869738656 -0.004565765804945623 0.4404737361136658 48.66261607180161 0.0027308383259904167 0.9999847533074107 0.0047995494326529275 -3.294517686141368 -0.4404889339646965 -0.0031059515987159926 0.8977526675645772 87.23659596168496
0.8991958680655465 -0.004436848897184533 0.4375238338944664 49.237624195281576 0.003293495969063373 0.9999888914098307 0.0033719343470829696 -3.31862219749898 -0.43753393438469595 -0.0015910464489847286 0.8992004920111242 88.41909818143623
0.9009020191115192 -0.0036349468371803142 0.4340073030748213 49.776038579622764 0.0039744112618481505 0.9999920941515034 0.00012525819007565823 -3.3423557975042995 -0.4340043271856989 0.0016120781567154933 0.9009093434902913 89.5357907474648
0.9028831422689368 -0.003258108928318839 0.4298737211470164 50.301148848156615 0.004026116469504813 0.9999915105269244 -0.0008770748289297318 -3.3673863994033018 -0.42986721414030415 0.0025226177460663836 0.9028885947928255 90.64157594350203
0.9047216953928533 -0.004003163570642225 0.4259843055406018 50.826512800005936 0.004382793812136267 0.9999903915517344 8.900904959587935e-05 -3.3935906350962406 -0.4259805688102251 0.0017864729601348194 0.9047305474617743 91.75850051725332
0.9067221096361957 -0.004359344029206185 0.4217060730135655 51.32828472315296 0.004350816964366471 0.9999900525107179 0.000982482242065162 -3.418389998819092 -0.42170616107502007 0.0009439275652383594 0.9067320567356835 92.84115290205688
0.9089942981153323 -0.0034760245933180426 0.4167940537565782 51.83095122577235 0.003883854245324312 0.9999924492909021 -0.00013052733443044207 -3.4435275601461814 -0.41679045294970035 0.0017374159578538767 0.9090009349366889 93.94199485344129
0.9118834511228585 -0.003808099517595275 0.41043156548483206 52.33914576130018 0.004848556157920209 0.9999871293491343 -0.001494201881492488 -3.4699206263498996 -0.4104205928939847 0.0033525384626059483 0.9118901783736945 95.06919901188755
0.9149504551836544 -0.003516036764032942 0.40355086673763724 52.830847799153304 0.0049458302312908285 0.9999846422209723 -0.0025008169701676635 -3.4968777648604856 -0.4035358761281927 0.004284017701760529 0.9149537932976638 96.18611728645506
0.9179649306578577 -0.0033813774023660897 0.3966471383600015 53.32149435493988 0.005285453855895892 0.9999791591328815 -0.0037074623981255446 -3.5251339076789687 -0.39662633556012533 0.005499780610086866 0.9179636715869475 97.32188437952028
0.9213153021704136 -0.003372619854591966 0.38880167106374075 53.7971850548561 0.005921667547197225 0.9999681121811016 -0.00535802896833842 -3.553463257309335 -0.38877120243158686 0.0072387883158367364 0.921305894968451 98.447579086453
0.9256415573601895 -0.0027048130507829234 0.37839184884741445 54.22379707159121 0.005125441512665218 0.9999723377603155 -0.005390135756249967 -3.5805200268725392 -0.3783668023718585 0.006928758945934734 0.9256298154026619 99.49800518796539
0.9305055767528206 -0.0040399670896157395 0.36625544405212124 54.6109852270396 0.005871362630894076 0.9999752106222188 -0.003886546269704438 -3.6059820026267198 -0.36623066328853293 0.005766871505836985 0.9305062302103506 100.4865160599545
0.9347979580103006 -0.005399551768072902 0.35513887782172915 55.0028261319682 0.006798895576529361 0.9999732625643819 -0.0026924292536615853 -3.6325214662866885 -0.3551148444077114 0.004931429513885797 0.9348096748987134 101.52104146363347
0.9385579641368172 -0.0043296764749821215 0.3450944825072923 55.422354293846396 0.006041538407508848 0.9999742020930621 -0.003885223547688012 -3.6613953500979273 -0.34506875803095377 0.005731409073421673 0.9385599092125181 102.668561900048
0.9414775635122978 -0.004532629801958016 0.33704517897460956 55.85650353322429 0.006927217976376812 0.9999585867570422 -0.005902408149884567 -3.6939263679931744 -0.33700446740964185 0.0078917702664525 0.941469972387865 103.87779909023553
0.9436144903353468 -0.0024787831091170735 0.3310370814024654 56.26396161908998 0.0047279422126435084 0.9999708876615979 -0.005989189570469164 -3.725902831447481 -0.33101259823698387 0.007216610255173049 0.9435987390542805 105.05165207129723
0.9460576750287987 -0.0030356491700431485 0.3239840433620474 56.63864007983163 0.004786454271452206 0.999977931249101 -0.00460726277483946 -3.7554353136700276 -0.3239629074054811 0.005909471117243974 0.9460513267135687 106.14843405198468
0.9486986444443337 -0.0012324382183255475 0.316179321154187 57.00422048218287 0.002777935850088052 0.9999862963439591 -0.004437363711181961 -3.7848651990544915 -0.3161695195648969 0.005088046808995517 0.9486890674387332 107.26019776541689
0.9512006716244195 -0.0002905708904679891 0.308572840460419 57.37337473149798 0.0019449660873328534 0.99998533765485 -0.005053868046888139 -3.815326881131867 -0.3085668475519901 0.005407406390668671 0.951187289942393 108.40568077699176
0.9543252847836418 0.0004319256381375003 0.2987692491921887 57.7173366442118 0.0019111126420734248 0.9999696714112112 -0.007550093126859005 -3.8443392208007086 -0.2987634490212796 0.0077762264626267084 0.9542955159859613 109.50713042653415
0.9577806407097573 0.0013045462192385357 0.287497030316434 58.01492481879295 0.0017282169733939 0.9999455135708311 -0.010294812075027067 -3.870743493962714 -0.2874947956880262 0.010357028952799167 0.9577262001237994 110.50835287441602
0.961050903124979 0.002757346074972342 0.27635766435053793 58.28687159506963 0.0004562803757369579 0.9999330360507961 -0.011563529844124712 -3.8966487017966758 -0.2763710430035694 0.011239237378936348 0.960985289238217 111.47090265880243
0.9643294364300027 0.0019432623352104628 0.2646978688355647 58.565188830975984 0.0006000201921898086 0.9999544365695727 -0.009527054140582645 -3.9246291098010877 -0.26470432185811116 0.009346042816357125 0.9642843322761774 112.49383259178173
0.9672479609650999 0.0019909751923795644 0.2538255661406855 58.85289403714056 2.4450488337701397e-05 0.9999685028262565 -0.007936797691059452 -3.9554859552204866 -0.2538333733200386 0.007683057542314493 0.967217446707705 113.60088179424348
0.9700151744145377 0.0021632206541827396 0.2430347339001877 59.14004530851924 -0.0002155980044594677 0.999967654837261 -0.008040074425583786 -3.987109157896879 -0.24304426535722756 0.0077465963925952945 0.9699842655019186 114.74985804571003
0.9727688785188702 0.0020902912226413947 0.23176785727909655 59.40108704796964 -0.00020641568582796828 0.9999667486431925 -0.008152238988581053 -4.016349900973846 -0.23177719123698087 0.007882403857126649 0.9727369641026961 115.85334429624241
0.9753382752734245 0.000880725644959791 0.22071355442971627 59.628370607443216 0.0009024697784652933 0.9999677659220502 -0.007978262038982145 -4.042978526080109 -0.22071346659177868 0.007980691649350748 0.9753060413151547 116.86047020106923
0.977765613206836 0.0018096056715598025 0.20969294446302342 59.84300017785993 -0.00032905451439614456 0.9999747743258094 -0.007095240318169355 -4.069253191139534 -0.20970049440424776 0.006868481590532141 0.9777415438689586 117.88571237913214
0.9800484615773878 0.0005807153854879963 0.19875783186942833 60.06043046987056 0.00090677600933812 0.9999722614946731 -0.007392834266896116 -4.09738624099947 -0.19875661175685197 0.007425564683575385 0.9800207499191363 118.95677409402063
0.9824210982165644 -0.0017174713761677679 0.1866703942006629 60.25718551498383 0.003772173482687073 0.9999361457373648 -0.010652471784507147 -4.1233864106011255 -0.18664017918491063 0.011169366140262956 0.9823648450417235 119.97807203254622
0.984684677129866 -0.004668678822784488 0.17428221384782802 60.42925549965763 0.006893293957059224 0.999902287865768 -0.012161300063046332 -4.14752170602796 -0.17420840715669303 0.013176424357600334 0.9846206440640354 120.94034559878027
0.9869429874713711 -0.008153113003739904 0.16086350185617487 60.58526270104162 0.01014069272559731 0.9998820069295677 -0.01153856878228805 -4.172162924069434 -0.16075044582248763 0.013019176888222296 0.9869092132516667 121.88446443734301
0.9889782257042832 -0.011419812982618157 0.14761997478068029 60.72920088660333 0.013282678331324665 0.9998440321064513 -0.011639669989271191 -4.197548416150396 -0.14746402794971183 0.013472168814062857 0.9889756625561074 122.8353320955706
0.9908536023848568 -0.013660733548291847 0.13424799067350543 60.86887642163286 0.015254599995929662 0.999824760264208 -0.010851080203469258 -4.224726172713802 -0.13407623137571914 0.012799731307356147 0.9908883544872971 123.85755195168156
0.9927319739708643 -0.012094665343664136 0.11973699063419921 60.99450035053498 0.013111422885263796 0.999884336507901 -0.007707411762496525 -4.255722500127241 -0.11962992286979653 0.009221316412403296 0.992775729396014 124.94019102646085
0.9943407564751331 -0.012385267115324868 0.10551334119882928 61.11031756834006 0.013184508250984201 0.99988940683468 -0.006880613487889961 -4.285852422122747 -0.1054164539084785 0.008232815938186389 0.9943940828399414 126.03778265528852
0.9958012302265793 -0.010735097996605682 0.09091021697385408 61.20173659815237 0.011619267726971111 0.9998901512132883 -0.009202071731661115 -4.313265024657008 -0.0908014454550093 0.010219744501157615 0.9958165766473316 127.0873399048183
0.9970172296211572 -0.009902807785196758 0.07654134984778191 61.27392517542583 0.01074400956669438 0.9998862429343043 -0.010586191437429128 -4.339580520505416 -0.07642780970943737 0.011376976254197082 0.9970102077282499 128.08323340524052
0.9979948840386649 -0.008818843231117117 0.06267726411319952 61.329729599907324 0.009593194631326473 0.9998812033791258 -0.012064399938453972 -4.36534980871632 -0.06256342421428314 0.01264148461117043 0.9979609264983315 129.051900746654
0.9987225486943745 -0.010702808089064727 0.04938340438264531 61.37719495338555 0.011222672110622712 0.9998843663218733 -0.010261852454655001 -4.3920696521906875 -0.049267863360498286 0.01080295719293139 0.9987271768384886 130.01965790310055
0.9992674215550233 -0.010519966110171754 0.03679606679815107 61.41375297409454 0.010840722056214225 0.9999048672367162 -0.008528494686762889 -4.421279917281166 -0.03670284681156368 0.008921142828307924 0.999286402512594 131.06600828938022
0.9996172770773907 -0.011015511284221933 0.02537632517778267 61.44191749249064 0.011234191860596742 0.9999008420422388 -0.008491113970435858 -4.450500165071149 -0.025280274951446198 0.008772946732244994 0.9996419074368637 132.1669073878659
0.9998426605745133 -0.00965092633521899 0.014883336862047396 61.4566043559152 0.009799771380429747 0.9999023717744506 -0.009960491991744539 -4.480117083586638 -0.014785755853805014 0.010104778112282988 0.9998396245814286 133.3065636767745
0.9999524567695817 -0.008655296262992938 0.0044911075557115075 61.46047557959968 0.008703741549793089 0.9999029097468605 -0.010881909887272945 -4.511581372629116 -0.004396485358961071 0.010920481965561023 0.9999307045941374 134.48749300748378
0.9999592137498764 -0.007744956753135941 -0.004646125441722254 61.453000331246805 0.007686692484073372 0.9998932011296853 -0.012429846872921549 -4.541403198646843 0.004741897867252063 0.01239362656856505 0.9999119523363519 135.60548637043013
0.9998941922050337 -0.006926121878090782 -0.012791920511470819 61.4375331429508 0.006765385896647669 0.9998981543247468 -0.012566245725436216 -4.565695495445538 0.01287765305913241 0.01247837384006567 0.9998392151931206 136.5617049846712
0.9997706306727602 -0.005859510708663279 -0.0205998101555708 61.414580389925426 0.005645479249210584 0.999929639954156 -0.010432818660216905 -4.588148208782526 0.020659491964644422 0.010314129890848648 0.9997333665114698 137.46208165732895
0.9996108444171646 -0.00582131693986472 -0.027281348806238864 61.38623745249895 0.005629145881825307 0.9999588399164343 -0.007115559684125117 -4.612941626457059 0.027321647831767496 0.006959219932065764 0.9996024693935551 138.43966560603886
0.9994332296567383 -0.00519979859192242 -0.03325930775743302 61.34985529929209 0.0049761295243368146 0.9999644695284422 -0.006804249823199966 -4.636394973620129 0.03329350676719395 0.0066348907529012666 0.9994235941940929 139.45029857477425
0.9992312029899476 -0.005757656681058922 -0.03877953533506015 61.31291924245063 0.005431090638863629 0.9999489450497142 -0.008521182337773422 -4.657205965031122 0.03882661749022861 0.008304016106932311 0.9992114576458587 140.36924408519454
0.9990526007956351 -0.007515409666666213 -0.0428651310626452 61.275802707172154 0.0070651305870644485 0.9999183657827123 -0.010646393765739788 -4.677069705062274 0.042941643811843636 0.01033345963216756 0.9990241412692517 141.25126424285915
0.9988925865437537 -0.00962383039554266 -0.04605412507523072 61.23869390761567 0.009040806013917432 0.9998765483362784 -0.012851144452746951 -4.696918047432104 0.04617211685147031 0.01242054651150598 0.9988562787757844 142.10729167215774
0.9987365037403357 -0.012290281903953976 -0.048727251792493154 61.20420244298202 0.011552443830559301 0.99981474980461 -0.015395035390771831 -4.712930126070512 0.04890743438445124 0.01481266498178792 0.9986934703992338 142.8773614992808
0.998573379431142 -0.014402511145234408 -0.05141763864839545 61.16685618894656 0.013658120851867631 0.999797194988755 -0.01479948064660877 -4.729122657007086 0.05162036057856717 0.014076099080532485 0.9985675749834915 143.64809591351775
0.9984344481875602 -0.01475945734165219 -0.05395193315701247 61.12156863575479 0.014189510770408595 0.9998395636353373 -0.010931823891298525 -4.747923602812871 0.05410462509337987 0.010149158017976459 0.9984836924732561 144.47611180038191
0.9982196813147604 -0.017658045809383426 -0.056970705226888636 61.07674023446475 0.017322784866685505 0.9998296364243591 -0.006373323465235932 -4.767398256435209 0.05707353993154611 0.00537508564803496 0.9983555075693006 145.33128386305282
0.9980408464244349 -0.020293590551448557 -0.05918309767935928 61.030942792036086 0.020010066469749527 0.9997853065630706 -0.005379407073152664 -4.785249824801219 0.05927955894126207 0.004184610270101229 0.9982326497007669 146.15770986440623
0.9979829604575718 -0.02281387342561454 -0.05924135224365859 60.98379080580802 0.02257816531058449 0.9997342890345583 -0.004645188884139199 -4.803738758721412 0.05933158591800026 0.003298258310297964 0.9982328808472352 147.02258636153334
0.9979582074166957 -0.023364565339889926 -0.05944336242281103 60.92939168488014 0.023277691214110198 0.9997267182076488 -0.0021536001253262384 -4.823754498973204 0.059477435565028505 0.0007654986853563123 0.9982293567464179 147.95364308288273
0.9978929680098829 -0.02559656031209304 -0.059619128613328 60.8717286220586 0.02562523052625433 0.999671579595099 -0.0002837433891331012 -4.845753971568331 0.059606811329741646 -0.0012446083817557216 0.9982211573559606 148.98528400527132
0.9978865045040721 -0.026239806005044646 -0.05944742811475259 60.80628286590187 0.02629410580921199 0.9996542416176792 0.00013120774260843345 -4.869068012178444 0.059423430802461666 -0.001694047400570228 0.9982314291160477 150.10407123947098
0.997887978893935 -0.027156838759445287 -0.05900921697132069 60.737298752367956 0.02724313471184214 0.9996286201912591 0.0006582595138215221 -4.894638718653224 0.05896942589212876 -0.002264465303025074 0.9982572208638624 151.30306193349833
0.9977923169139118 -0.030919714644549307 -0.05877468463432974 60.66897122043307 0.03117213110145283 0.9995083078246023 0.0033824299238116077 -4.921553876383279 0.058641201813733695 -0.0052070947653468065 0.9982655436375352 152.57891998808344
0.9977228193112821 -0.03113130873843333 -0.05983324696000169 60.59729626460303 0.031507489055178056 0.9994891770613431 0.005353790309030243 -4.945595930786912 0.0596360122659285 -0.007226794134855103 0.9981940289781084 153.79605731220497
0.9975663383274429 -0.031784693840605255 -0.06205750456982798 60.52584550649999 0.03218992868969792 0.9994664110121658 0.005540915935901166 -4.967179368354381 0.06184827505215746 -0.007525057867920478 0.9980571949428326 154.9642152453024
0.9973860410977359 -0.0343862706218017 -0.06355052648175173 60.453277204785024 0.034748859434288924 0.9993854492345988 0.00460875538205739 -4.990015932207976 0.06335299354726315 -0.006805016596587554 0.9979679804270873 156.17353432545949
0.99723854814576 -0.034074980539982265 -0.06598616365067507 60.37341873075254 0.03437422090279514 0.9994032329621497 0.003404538459816123 -5.01374314571724 0.06583077570148788 -0.0056633599566297335 0.9978147299596953 157.38044161916034
0.9969989787463206 -0.032693534404572164 -0.07017242469038697 60.290317000743144 0.032947736482071666 0.9994540291493192 0.002467848839638567 -5.037703979281302 0.07005342989103999 -0.004772465329826835 0.9975318243219986 158.53219629157877
0.9967540268643501 -0.03131157072988886 -0.07416869601204236 60.2033403186735 0.031523754277111835 0.9995015714622194 0.0016916148572810794 -5.061875778573445 0.07407876109908809 -0.004024199669035908 0.9972442744739354 159.67137639545308
0.9965755095693185 -0.02905312351728235 -0.07741556523426045 60.11073959681871 0.02918898391112433 0.999573716218844 0.0006237488928514692 -5.086128877345704 0.0773644423807639 -0.0028812945588301752 0.9969987167478084 160.80910901105176
0.9963385417162839 -0.02792188451434941 -0.08080766458594214 60.0182248369587 0.02797804242000009 0.9996084422301694 -0.00043745229962329407 -5.1111116027116426 0.08078823820960188 -0.0018249896813695178 0.9967296172882845 161.92274370189
0.9960021687558963 -0.026760375471595828 -0.08522653423769058 59.925732085376275 0.026730288114930795 0.9996415650626443 -0.0014943548425171151 -5.134609552570651 0.08523597556690322 -0.0007897491511725561 0.9963604793273543 162.97033844905076
0.9955480536580106 -0.025522090469560228 -0.09073420389141511 59.83020290274938 0.02553839432788792 0.9996733601945244 -0.0009814950525263986 -5.157893534798411 0.09072961629423165 -0.0013400803887883164 0.9958746612459081 163.98128675379763
0.9951083662854434 -0.02538090112619121 -0.09547329054105337 59.729186488703625 0.025431472590702435 0.9996763315570484 -0.0006872601447402568 -5.181702550489812 0.09545983213154173 -0.0017441280516933937 0.9954317548012802 165.0119475258275
0.99486442321456 -0.024650238005531126 -0.09816896244857437 59.627909549616696 0.02466043333832116 0.9996952693614288 -0.0011097044391180934 -5.204748391480423 0.09816640183649923 -0.0013168836875933612 0.9951691430946938 166.00890877217597
0.9948192261037976 -0.024048361237744786 -0.09877440810259697 59.53195687735395 0.024047104926086353 0.9997101022389524 -0.0012034226409700622 -5.226897270237843 0.09877471396523059 -0.0011780505752895958 0.99510912370349 166.95178890841504
0.9950364968767846 -0.02230222991201068 -0.0969792783233956 59.43480063673493 0.02223332178143389 0.9997512044547991 -0.0017912547941321434 -5.249487653650525 0.0969950992872213 -0.0003738076057282942 0.9952847888831291 167.9127185646917
0.9955244764792132 -0.021642736423169138 -0.09199243822675927 59.34034127908677 0.0213194028643591 0.9997626057004015 -0.004496143308045769 -5.2732433231712585 0.09206790859085454 0.0025147968618868415 0.9957495548602814 168.91891067520254
0.9963882124736114 -0.021694725145417145 -0.08209670483341273 59.25581960426449 0.021221762281360544 0.9997528136364802 -0.006629361327480041 -5.297736302614468 0.08222023381937696 0.004863180728871831 0.996602319194514 169.948295882716
0.9975640714685787 -0.019915511007497003 -0.06685279153738237 59.18851490881077 0.019509369404582647 0.9997870729179735 -0.006722598570619762 -5.321201200004193 0.06697244075338675 0.005401966995125963 0.9977402021228354 170.93307977099215
0.9986211718468148 -0.018138299296868516 -0.04926212782563657 59.1402801707064 0.01793887326824326 0.9998290153783798 -0.0044874083122086765 -5.344862200874365 0.049335098714383754 0.003597513879304882 0.9987758036359955 171.91716391233035
0.999314118796685 -0.01762717524900677 -0.032566465364597244 59.10788541281998 0.0175533545321007 0.9998426729166624 -0.0025513054559400407 -5.368488563476444 0.03260631408597194 0.001977904851081749 0.9994663156775847 172.9471349168923
