1.0 0.0 0.0 0.0 0.0 1.0 0.0 0.0 0.0 0.0 1.0 0.0
0.9995294509981706 0.00145175543900662 0.03063933735317044 0.034447633743259765 -0.001471987038900923 0.9999987132514698 0.0006377692076489285 -0.012500155826921377 -0.030638372043132092 -0.0006825698134492514 0.9995303018203084 1.0806245260694753
0.9981670950409351 0.004794726816113302 0.06032794520203909 0.0982906048016923 -0.004870091600434358 0.9999875335182417 0.0011022775999945805 -0.023300555955580702 -0.060321908004843196 -0.0013940598491151987 0.9981780021678465 2.173704739041435
0.9962221737445366 0.006690600827530825 0.08658300295252842 0.19892153963758857 -0.006927529154709395 0.9999730366525792 0.0024362486799243844 -0.03695919569005897 -0.0865643684175051 -0.003026851232952458 0.9962416615922527 3.3606511885707055
0.9936274710120283 0.008838725630377898 0.11236692475756539 0.3282004161947773 -0.009436246672627338 0.9999440201138711 0.004786845228747544 -0.04742770868330403 -0.11231832485830082 -0.005816662938623359 0.9936552522546661 4.541103840608441
0.9908750120668672 0.00991727268786543 0.13441859307373022 0.4904278586989624 -0.010879223649121082 0.9999201858615072 0.006423737189673789 -0.05728139261490521 -0.13434415861614143 -0.007827490601981707 0.9909038184589852 5.748653152240125
0.9893525376842489 0.00888821502831719 0.1452671876624168 0.6800337704761857 -0.01007721797085195 0.9999214621111059 0.007451126596477107 -0.06644617039025907 -0.14518955146877952 -0.008835680120918055 0.9893644045047789 7.024207791435373
0.9886396281318406 0.010595244257998009 0.1499314059376818 0.8482015079288903 -0.01196054528512062 0.9998947868452595 0.008207350129983951 -0.07102464312058032 -0.14982867230213034 -0.009907372950834591 0.9886623351364177 8.149489418778893
0.9870819709503894 0.01199194745408465 0.15976662924701682 1.0069711052955241 -0.013676245167117544 0.9998618495491112 0.009446805510860279 -0.07287249032140027 -0.15963127181985415 -0.011509778993951135 0.9871096099444512 9.142496373343446
0.9851699456166605 0.011730477071218909 0.17117994672667725 1.142960587571801 -0.01430357826908615 0.9998023825965598 0.013805919127044384 -0.0712837953287266 -0.1709841685723172 -0.01604966236168135 0.985143046686982 9.903163806941471
0.9856355443284016 0.006246057594255574 0.1687707336032676 1.2611107089808444 -0.009606285093110876 0.9997714120838522 0.019100860362046654 -0.06583437584283872 -0.16861284957904532 -0.020447746682453097 0.9854702413632005 10.552575070886512
0.9881330296509543 0.003937139321651175 0.1535500395531977 1.382030970091196 -0.007516191911199429 0.9997132682241516 0.02273517529600061 -0.06133183959754397 -0.1534165003250325 -0.023619489210136707 0.9878792928073105 11.354852994925658
0.9909936091791983 0.004245723822448145 0.13384184844513455 1.4874268050297688 -0.007632631206740087 0.999663236045056 0.02480236764482402 -0.05373710688377291 -0.1336914713317524 -0.02560055329774363 0.990692284296189 12.193608559956274
0.9935418114663629 0.003828667392599667 0.11340198487740724 1.5576088053426211 -0.0070244008798596045 0.9995889795734135 0.027794418642269107 -0.046026353642286 -0.11324895876085524 -0.028411498048845168 0.9931603395817833 12.910853782597197
0.995320592263811 0.002931302948565349 0.09658325982612914 1.610669122325928 -0.006069976877942035 0.9994623912311229 0.03221930935430159 -0.03872085800440418 -0.09643689126220886 -0.03265480022279525 0.9948032921266853 13.55784194756909
0.9971180717762396 0.00010948500810189182 0.07586526840569545 1.6508357991932638 -0.002731695862309384 0.9994023051662106 0.03446114139405885 -0.02898309804011654 -0.07581615114836061 -0.03456906769784912 0.9965223985358037 14.185179525310863
0.9987569873082842 -0.0027669236342463517 0.04976770475402209 1.673429139044213 0.0008912563682956517 0.9992897903312511 0.037671217153305 -0.01831003164844543 -0.0498365926299867 -0.03758003556847356 0.998050126477476 14.851766871929398
0.9997730594063321 -0.005547857916463599 0.02056820259144549 1.6781320290181367 0.004726052252859567 0.9991968611162392 0.039790666814712425 -0.006165942680084467 -0.02077243643406467 -0.039684430296968456 0.9989963222537902 15.563735983620308
0.9998785258437268 -0.005646673683527746 -0.014527512962943065 1.6512153577437247 0.006246746890728349 0.9991149099766593 0.041597774166606 0.006433570702171782 0.014279765749475612 -0.041683470808517524 0.9990288166772248 16.274821433140865
0.9988916675958722 -0.0019782368469582756 -0.047026832622620085 1.5936040674602892 0.004054350997895458 0.9990191975152752 0.04409314270861576 0.020429820013744122 0.04689348190873059 -0.04423493613552333 0.997919972632857 17.02549106648733
0.9974282768878617 -0.0010481098586380944 -0.07166403512387484 1.5227156371622617 0.004323643425002105 0.9989519295094796 0.04556696870345559 0.03621744030917764 0.07154116697430342 -0.045759632811163284 0.9963874333977434 17.841575620613437
0.995633750395798 -1.2178686124338352e-05 -0.09334578150338807 1.4301820266995109 0.004380611027730385 0.9989043216702894 0.046593630417081686 0.05486986906932456 0.09324293710422452 -0.04679910255656061 0.9945429094212469 18.71700943978834
0.9935066913230378 -0.001761940944553374 -0.11376005388737552 1.3383862934972648 0.0073069272209222 0.9988040047055775 0.04834427575928157 0.06974324670831034 0.11353881763933776 -0.04886159788841561 0.992331336369487 19.457524268006967
0.9910055096018402 -0.00010106778781534841 -0.13382103617929186 1.2378798191569351 0.006559765690281277 0.9988342532268281 0.04782367671868594 0.08461480708188683 0.13366020130497205 -0.048271361759401846 0.9898509111078329 20.08347083592719
0.9883669385459231 -0.0005260518076834809 -0.1520872054410082 1.1228674076445437 0.007684553639395932 0.9988894547942048 0.04648445693239743 0.10020341473801772 0.1518938524915443 -0.04711242267632073 0.9872733548540872 20.759425246117413
0.9856178187840601 -0.00446834530820504 -0.16893060464450796 0.9888481727863482 0.011992930471142645 0.9989793313710558 0.04354842261384166 0.11917449225407879 0.1685635930860122 -0.04494807430409073 0.9846654181509004 21.529185132843455
0.9826912310087684 -0.009582306178290752 -0.18500303756094763 0.8455384310465115 0.017274025968909985 0.9990499830856204 0.040009240475765165 0.13885245972437713 0.1844439007538533 -0.042512477050010565 0.9819231827234628 22.288940344021206
0.9797125570328972 -0.012425827874314012 -0.2000222597455111 0.6856712520411712 0.020187416259384663 0.9991183254608567 0.03681086732290562 0.1582275389639169 0.19938849971057274 -0.04010200157014798 0.9790996147753479 23.0578354267067
0.9769672772229142 -0.015165092078168402 -0.21284961643824088 0.49124795186393355 0.023157832783626427 0.9991151723590088 0.03510822044469992 0.17760110092351183 0.2121288618184973 -0.03922871836153615 0.9764540202381777 23.950286276346354
0.974929374525243 -0.016604090493800933 -0.22189416140739696 0.26363629040019 0.02494430755338731 0.9990816656938991 0.03483685971762854 0.19905933338843157 0.2211119540153816 -0.03949847406137832 0.9744482409745125 24.95179894677511
0.973197482388084 -0.017973480097169217 -0.2292675604761641 0.01736812660220871 0.02679722250163608 0.9990127777725082 0.03543132390209287 0.21906334102671746 0.22840439824944841 -0.04062540904968062 0.9727183595470239 26.00464631327438
0.9717855208321067 -0.017355220049920426 -0.23522690713030736 -0.2592644982814873 0.026968514452840497 0.9989246454578634 0.03771275546932897 0.24009048751915896 0.23431944163743276 -0.04299242996041641 0.9712085513610454 27.148678304009245
0.9702239456904542 -0.016847760090418645 -0.2416229463208791 -0.5514803987793198 0.027124050479538562 0.9988605398632924 0.039267133707417703 0.26400238643872725 0.2406860633572914 -0.04465170639458781 0.9695753936758201 28.325392605620873
0.9683747301354136 -0.017775916541076853 -0.24886622676910083 -0.8528902235026985 0.028720294363109265 0.9987701259847243 0.04041509782439113 0.28990270850970157 0.24784173725759168 -0.046284470738936 0.9676942807734039 29.50427549870497
0.966717268848766 -0.01704822547071682 -0.25527843645298814 -1.1588892022005006 0.028436449832675095 0.9987549564343603 0.04098664805413974 0.31474298054612715 0.25426185406091956 -0.04688171291772271 0.9659984547417269 30.65448403055683
0.9658645626008594 -0.016273560389493485 -0.2585359122909224 -1.4512824655492471 0.0277081456272058 0.9987893468102685 0.040646025195824914 0.33550592313954175 0.2575614594184298 -0.04642210605484836 0.965146145768443 31.73274125951881
0.9657680533631628 -0.01715483708485198 -0.25883929119768234 -1.7416764472591315 0.028738092373589055 0.9987444063307371 0.04103331414583931 0.3562141211073828 0.25781037440307436 -0.047067211386019714 0.9650484384021819 32.81687795590647
0.9657481423662159 -0.014244268721157713 -0.25908999657416787 -2.05535897238571 0.026786302834932336 0.9986304105416605 0.04494215306180727 0.3772486285670806 0.25809498154097854 -0.05034286394311579 0.9648070151866469 33.96680103909153
0.9656909901464596 -0.013189932192636228 -0.2593587038036396 -2.3790472744878115 0.02663362462261052 0.9984734221618616 0.04838879287442439 0.4012552239088787 0.25832452765738717 -0.05363628366260783 0.9645680833852279 35.16472062288904
0.9656034608314737 -0.011680562621538843 -0.25975665706026585 -2.700517103721325 0.026406450268681603 0.9982307276385608 0.05327395031718506 0.42711123326169603 0.25867480707345236 -0.05830076204505882 0.9642034875120901 36.34916764374224
0.9656319440015347 -0.008529479486603845 -0.25977335641574895 -3.021056440583417 0.02358354966402589 0.9982138940504252 0.05488932418905909 0.4544829328331253 0.25884119631360936 -0.059129262674033164 0.9641083784443345 37.51173615108345
0.9654291860979358 -0.011554909963401559 -0.2604092369444959 -3.308802788247192 0.02670499351689331 0.9981448320531675 0.054715057953159195 0.48013138257034815 0.25929390650676604 -0.05977774085136181 0.9639467266126108 38.58530265806103
0.9666355063892413 -0.009785344244911108 -0.2559688356531377 -3.5518961268714686 0.024020230165601272 0.9983296459853171 0.05254470943514132 0.49898339751549897 0.2550271090107989 -0.05694001216052276 0.9652559291114211 39.47418090591078
0.9689618852561181 -0.010563109300717804 -0.24698438339864703 -3.748278341212737 0.023756635796055955 0.9984414886869332 0.050499662615455174 0.5142202825641888 0.24606602198711275 -0.05479976633638452 0.9677026911365467 40.24587132208251
0.9706324562712769 -0.008782197408245367 -0.24040696296378344 -3.9559975494587336 0.021189377152896614 0.998570411005541 0.049072849520870224 0.5304906829943017 0.2396323123634614 -0.05272577427509512 0.969430940087241 41.06348266731417
0.9732919752442767 -0.00520115479242513 -0.22951182739440534 -4.164813070101486 0.016731500986034892 0.9986917037302482 0.048321193850413405 0.5453236158921113 0.2289602319177903 -0.05087070757518667 0.9721056441102227 41.91392930255744
0.9777021649761387 -0.004945523438088306 -0.2099381299309267 -4.35513392100047 0.01517127797663955 0.9987737370382043 0.0471259432509996 0.5607366096829989 0.20944762812103365 -0.04926016647012297 0.9765782749343795 42.80176157914412
0.9820943679783467 -0.004472207225763418 -0.18833653853605167 -4.546181182462545 0.013519846306746764 0.9988135996163356 0.046782549923032206 0.5796818022423664 0.18790387473666884 -0.048491159854027924 0.9809896743977262 43.78725000878125
0.9868800868923089 -0.006940000504616416 -0.16130570507091646 -4.68147433267725 0.014595275895839184 0.9988199364793813 0.04632183516280583 0.5921044449566294 0.16079388053328972 -0.04806839797956396 0.9858167969246235 44.66129974198747
0.9921431465066415 -0.011836958408145417 -0.12454663084782999 -4.752021224994311 0.01767307907408681 0.9987915822453137 0.045858886946207336 0.6041196923714092 0.12385329675040078 -0.04769970284548733 0.9911534186151555 45.381185025043656
0.9964921118951847 -0.01248466224203389 -0.08275025159706777 -4.766451784347646 0.016168816380445837 0.9989006004285258 0.04400181633054958 0.6110721097009685 0.08210992819099944 -0.0451854365059621 0.9955984311057521 45.86319211758842
0.9992741472109729 -0.0138786784283356 -0.03547620330399947 -4.746977444171153 0.015408655991469514 0.9989465872676796 0.04322371000728472 0.6157380983192615 0.03483894424807375 -0.043738976569418636 0.9984353508827398 46.26843362621844
0.9997254611164658 -0.014673512638838024 0.018267195250212486 -4.696817666758525 0.013904607120698784 0.9990404847171073 0.04153037198278236 0.6198505992816257 -0.01885906403537943 -0.04126497210767418 0.99897023868615 46.56873970454523
0.9971443565359297 -0.02094324348594934 0.07255696231814661 -4.623351646109122 0.017986183771515868 0.9989901957767545 0.041171421341277166 0.6230679139248566 -0.0733459570929849 -0.03974882758286035 0.9965141249796228 46.73282481604346
0.9916348671420571 -0.024928089073025385 0.12664470238949588 -4.54659608865378 0.020112926078577818 0.9990305626356653 0.03915871709371487 0.6245534115692868 -0.12749808027070195 -0.03628395368527596 0.991174916062877 46.86719025567986
0.982039929846879 -0.02932874358275194 0.1863797225724822 -4.465576036633679 0.02235058751443396 0.9989722337552414 0.03943256806022434 0.6259374151666537 -0.18734467546236244 -0.034558660071272854 0.9816861370061107 46.91067996667435
0.9691405648690172 -0.03351677437335596 0.2442195556481269 -4.373365784892297 0.024573776633125752 0.9989143923573314 0.03957481829862714 0.6309683046049753 -0.24528084928780775 -0.032352164950581984 0.968912092191888 47.0014833742149
0.9551402043572711 -0.03736974862601935 0.2937868137067748 -4.265696316776234 0.02698788316529771 0.9988623728091625 0.03931430208342482 0.633648154925965 -0.2949217594254573 -0.029621986322302406 0.9550621412995668 47.16562793034866
0.9414689390911509 -0.0365167662402438 0.33511604334907324 -4.1192686935951 0.026369736681884935 0.9990470047061311 0.03478102032769936 0.6372211406764051 -0.3360667697257653 -0.023908328487436747 0.9415346611331019 47.47209172299178
0.9314516850114989 -0.031164936298950594 0.3625279371782557 -3.853651039271839 0.023070366732303695 0.9993789219375984 0.02663697741262198 0.6466688040371614 -0.36313291873372744 -0.016447405033192152 0.9315921673133565 48.135502346355544
0.9265689769279962 -0.02352079317525767 0.3753887362228829 -3.521246224587257 0.019435003385790427 0.9997035311559169 0.014667325515755435 0.6544317392800931 -0.3756224322880632 -0.006294607437924177 0.9267514047894401 48.969320269688126
0.9225800227410561 -0.022661025485460333 0.3851396883769057 -3.182909103596839 0.021085075893452303 0.9997431050684501 0.008315253613793186 0.6562605179194444 -0.385229180117083 0.0004492126908965695 0.9228208260514483 49.77175098444865
0.9176400706966406 -0.02284085667665787 0.39675558712908066 -2.825172337130957 0.02237390094627774 0.9997328137231193 0.005806007380433588 0.6553259345609938 -0.39678219366336387 0.0035491451832619296 0.9179059289274452 50.59040258001303
0.9124479624106522 -0.026538785364687695 0.4083312488213666 -2.453443657192034 0.026121061268182613 0.9996369982828895 0.006600138043934599 0.6541186496533687 -0.4083581835238196 0.00464376305835919 0.9128099634720162 51.402796209125775
0.908387285689716 -0.031589946233964265 0.4169347844617981 -2.067153925784181 0.029604865561243754 0.9994986141204922 0.011228192477737216 0.6527647409972847 -0.41708043724486926 0.0021437509537441846 0.9088670492428891 52.22838989130325
0.9094481732732626 -0.0377364281035891 0.41410141526431565 -1.651098779630718 0.0332107843223144 0.9992839931692878 0.01812580481911213 0.6517283864587317 -0.41448891895275447 -0.002731847291940977 0.9100502585438618 53.133183505491516
0.914138245658332 -0.038550544030762114 0.40356551311979005 -1.2537128934537909 0.034443174281786865 0.9992545742141996 0.01743455354729388 0.6473137405811259 -0.4039367965042321 -0.0020375148910558956 0.9147846265449403 54.04369273553773
0.9180878762817435 -0.04002872202058859 0.39435054562898314 -0.8550848477407815 0.037452063505312286 0.9991970778367651 0.014231745559270375 0.641950109494949 -0.3946035914226733 0.0017032486219584599 0.9188498814172303 54.97154057344754
0.9216927992403839 -0.039428204162238245 0.3859116486256496 -0.4644571702353411 0.03766404879805096 0.999216786371916 0.01213397134987196 0.6352358257698427 -0.3860878180628907 0.003351201146206554 0.9224559426846969 55.912611284518135
0.9247035874428672 -0.03394764227243229 0.37917124489396103 -0.08544593655991284 0.03304303439958874 0.9994143464611103 0.008895052859939084 0.6272716034063884 -0.37925114798502674 0.004303681198286334 0.9252837646258485 56.86435804417722
0.9272292281501001 -0.033013191747342976 0.3730363087352543 0.3049907788450718 0.03139946001624458 0.9994527779098784 0.010402818796695482 0.6186252366399159 -0.37317560527834465 0.002067341017294685 0.9277584242281278 57.846851716229914
0.9298811764487904 -0.033994099510626534 0.36628595234417066 0.6903182635861289 0.0326475323191921 0.9994181713210779 0.009872054836815488 0.6112798287310424 -0.3664084282869071 0.0027784945015973147 0.9304499683747763 58.825796617734326
0.9324716182733985 -0.034907411384420106 0.35955271344411915 1.0603129397270068 0.034204888968610694 0.9993802278047016 0.00831780281495958 0.603822640538022 -0.3596202256342583 0.004542345590374306 0.9330877024220722 59.785435192679465
0.9350861413133137 -0.03484618465552805 0.35270334806850157 1.3838412220169465 0.03521574243309789 0.9993653013315638 0.005370845311369556 0.5970661541680982 -0.3526666411906054 0.007398507243072264 0.9357197776481531 60.64610943204007
0.9378097282817783 -0.03217908576864916 0.34565505924136414 1.6799305406749245 0.033374296047050174 0.9994398094086623 0.002494740976673524 0.5906202840618423 -0.3455417050131875 0.009196401919814233 0.9383583304304952 61.46840667787299
0.9403644264588935 -0.03395058658586537 0.3384702396387475 1.984233367249319 0.034945596451758314 0.999384234075377 0.003155625168236766 0.5820164753467073 -0.3383689565241855 0.008860606753897283 0.9409718055864819 62.31543703996756
0.9433550659177535 -0.033107400022060425 0.33012894400686743 2.2703005352762022 0.03377791086175639 0.9994224894843794 0.003706784409734036 0.5736222873893696 -0.3300610130644412 0.00765425219236208 0.9439285672540311 63.148165643373574
0.946873201551546 -0.0306725630761775 0.32014111585028016 2.543988399243619 0.03113008568237931 0.999508530939494 0.003689762130782103 0.5655361075529654 -0.3200969508585363 0.006472283485134338 0.9473626821854201 63.98458694362434
0.9498216862186742 -0.03013728646717177 0.31133664794416516 2.8209324224330414 0.03075615445102347 0.9995226435757075 0.002923002362882818 0.5563459635570511 -0.3112761207547057 0.006799186997300035 0.950295189772144 64.84500766928599
0.9524086150231708 -0.027163462294725514 0.30361155502682724 3.075109672494123 0.02757551173904718 0.9996154264834487 0.002930919419352665 0.5466532717109724 -0.30357440798258123 0.005580811094822355 0.9527913902662782 65.6689045906331
0.9548192791661538 -0.02551342736024994 0.2960898666907715 3.312020192717119 0.02584010832118993 0.9996621377454341 0.0028105444628926707 0.5393537847438007 -0.2960615357228537 0.004967432189972515 0.9551559514984249 66.45663346379409
0.956876178621529 -0.022287558846346575 0.28963985137983 3.547360380386689 0.02215042891737618 0.9997476088130193 0.003751955680306524 0.5312326631915643 -0.2896503707669567 0.002825489925899179 0.9571283504949801 67.26652074580622
0.9585654129749875 -0.020136436356742532 0.28415994260089267 3.783852397034408 0.019698056392429768 0.999796290137223 0.004400545671554119 0.5236887449760498 -0.2841906677258285 0.0013791876948533236 0.9587667924051443 68.09098051549151
0.9599504516620966 -0.019576182514413332 0.2794850683523164 4.017720552291273 0.018921757710066045 0.9998082666247563 0.00503955096832316 0.5157406831937079 -0.27953013690637724 0.0004506295187277079 0.9601368129043575 68.90903488493669
0.961224540371489 -0.01998733227289447 0.27504161418998496 4.254597837618617 0.019137565369610296 0.9998001925253847 0.005773094311390013 0.5084697522119954 -0.27510204757388373 -0.0002856130550632462 0.9614149894014746 69.74800758699894
0.9623647405167259 -0.019061916549347715 0.27109177329391765 4.492970031098971 0.01808055400700597 0.9998178193629296 0.006117323855851602 0.49969282131079257 -0.2711589935387996 -0.0009856073372978016 0.9625340663068507 70.60929941243923
0.9634548797177 -0.020511937578692498 0.2670841724343092 4.725147970888943 0.019336930665792364 0.9997883157130397 0.007029002497529909 0.4927068115076623 -0.26717181337217855 -0.0016075386315004161 0.9636475693732478 71.45010184185533
0.9644192124466757 -0.02166524029692442 0.26348851972450277 4.94254973818623 0.02047004120683325 0.9997639553235267 0.007280868687745998 0.4863338259178055 -0.2635840664318 -0.0016281887894756847 0.9646350547873224 72.24881925032581
0.9653727274771796 -0.020595513433479876 0.26006022738912266 5.162269553743922 0.01919965637185056 0.9997844044833704 0.007906816491882102 0.48011084649971064 -0.26016700451531805 -0.0026399580005733885 0.9655600242259826 73.08309078990555
0.9664655834017181 -0.019531369205653154 0.25605234175248015 5.383807826548445 0.01782733425419537 0.9998008012955015 0.008974624352208893 0.47225397389338364 -0.2561766231594238 -0.0041089348773779965 0.9666212569568323 73.93969363205417
0.9675182700375492 -0.018988342739749316 0.25208696908714917 5.605812649569105 0.017258255910304915 0.9998099032421421 0.009072484878673731 0.46459603993214843 -0.25221131962400445 -0.0044272134505971795 0.967662053629561 74.80775276558921
0.9684512412783745 -0.019885123413986114 0.2484084844227056 5.8196834558516075 0.01811143054540796 0.9997915627197669 0.00942375710458303 0.4567102981779294 -0.24854409940687325 -0.004627416252927539 0.9686095279672023 75.64920282066312
0.9692340364672728 -0.02130371637198886 0.2452173203958047 6.0435234248213145 0.01892269704366838 0.9997481872329815 0.01206207531737633 0.4478928184769759 -0.24541253857525339 -0.007050800884323035 0.9693930947334718 76.54061078828565
0.9699779187382059 -0.023553410889747665 0.24204973455006418 6.277542034041456 0.020820791115346418 0.9996874043855223 0.01384153785782361 0.4395529894723107 -0.24230008629306907 -0.008386319120875984 0.9701651085428564 77.47678779125727
0.9707798302827638 -0.023351143992159543 0.2388330906520812 6.490786579038794 0.020520669613367345 0.9996867096560563 0.014331247526580925 0.43218582343129963 -0.23909291757554554 -0.009011471095583824 0.9709548754467971 78.35950979785862
0.9714871998196766 -0.022667364025162697 0.2360059558457675 6.691953359282589 0.019858691601666888 0.9997009359461702 0.014271336175104342 0.42461690936329927 -0.23625886852009023 -0.009177650925139747 0.9716468071110519 79.2049053196052
0.972109563301126 -0.024157029179641434 0.23327973525299606 6.89741082116682 0.021509074759342998 0.9996721792869071 0.013888616301281305 0.4172668783573378 -0.23353876903308962 -0.008483625462099123 0.9723104809974675 80.061952188842
0.9728075738757246 -0.022518879357532082 0.23051751404721407 7.098034827195139 0.020358414016267104 0.9997237358915129 0.01174678142557649 0.4086373156193562 -0.2307183546854664 -0.006734386950489728 0.9729972707277401 80.92535830570735
0.9736054424292367 -0.019452303516337432 0.22740723462563403 7.295166133432077 0.017835476308466398 0.9997989496806476 0.009162750805588656 0.40015232105925375 -0.2275397509382038 -0.004864987706404726 0.9737566398426228 81.7932772105725
0.9744344457144516 -0.0183096883751157 0.22392468893977524 7.489906599498448 0.017026151154043455 0.9998256895911566 0.007661632361895715 0.39333088933552424 -0.22402593863668652 -0.003653182882821073 0.9745763351696851 82.65607898876257
0.9751827895437731 -0.019605822672281302 0.2205314913906127 7.69245329018258 0.018019638574447324 0.9997952854179447 0.009202167228318773 0.38624981812639797 -0.22066676143740124 -0.004999897338417601 0.9753364452450921 83.55566948379061
0.9760423157868292 -0.02152223689871548 0.21651372037900754 7.903528618731891 0.01911505942525764 0.999730069142737 0.013206186240865534 0.3776474873970625 -0.2167395033136604 -0.008751123969818298 0.976190250685086 84.50846186117333
0.9770720451594741 -0.019358404859199367 0.21202705188062676 8.10503023733673 0.016770031732753963 0.9997613626461156 0.013999421261812842 0.3702971014202758 -0.2122474607705942 -0.0101227427750882 0.9771635203358457 85.46511512399525
0.9779707067894597 -0.018907841785783166 0.20788407870909323 8.315025672603886 0.016732903619059904 0.9997853676605212 0.012215913735500369 0.3633543121712851 -0.20807043662711858 -0.008468301537010128 0.9780771857429642 86.46105207012718
0.9787142919564936 -0.01951440791830466 0.20429763239865759 8.534658879888054 0.01797218780107429 0.9997942825689792 0.009401755582042945 0.3557590747318437 -0.20443907450813253 -0.0055299571408437475 0.9788636699705822 87.5105759635222
0.979361479817538 -0.01937079022888801 0.20118614349778186 8.749018569549417 0.018157182783780743 0.9998041231531108 0.007876042114961297 0.34662175996738226 -0.201299300949998 -0.004060518679760671 0.9795213645577576 88.55643357716092
0.9800281218876923 -0.01907395274526218 0.19794207394072202 8.959365816363112 0.018093868444591692 0.9998134463826697 0.006759020426072892 0.33769190971348206 -0.19803406836701712 -0.0030424922484317903 0.9801904156881582 89.60323546002226
0.9806813393581642 -0.020334879951638383 0.19455231505183782 9.167320358099586 0.01921774410626944 0.999786222927893 0.007628024321203562 0.32834147817538867 -0.19466583918639377 -0.0037418045020261173 0.980862482692107 90.64728829440823
0.9814215328048008 -0.022614616178041835 0.19052651805508652 9.360093727179459 0.019792418633632524 0.9996645821821097 0.0167027930389035 0.31960140787888264 -0.19084033931982586 -0.012621500140207487 0.98153994448647 91.64167609862011
0.982359174276302 -0.024016326297452158 0.18545530131639862 9.550658084345809 0.019466108157541528 0.9994640826622648 0.026317638596149297 0.3151930734462592 -0.18598796560095135 -0.022243280766400954 0.9823002153681756 92.66174185440012
0.9833992892115673 -0.02572492707147976 0.17962200896702757 9.752482200985256 0.02081310502479872 0.9993575561628406 0.02917686754027215 0.31557064574268096 -0.1802571847039958 -0.024954019063127653 0.9833029260076389 93.75987609822897
0.9845542637679505 -0.02435651806913801 0.17337722377491488 9.938664986379527 0.020427695136568415 0.9994933212641517 0.02440921997451609 0.3186088210529213 -0.17388390082971006 -0.02049050453026113 0.9845529585839133 94.82980062995397
0.9857425463741487 -0.024912357263025788 0.1664061498965971 10.105186526820162 0.02214910739422018 0.9995845875477081 0.01844097011328328 0.3190892883173447 -0.1667964307455305 -0.01449230115195907 0.9858848431220911 95.8092603010778
0.9867511251063394 -0.029872736889159007 0.15946735306050505 10.26544354315651 0.027695192855333114 0.9994905782337936 0.015860653031438 0.3184209379770449 -0.15985991803475463 -0.011234038126552616 0.987075783814642 96.75945079499236
0.9880736000732454 -0.03176790230405995 0.15066970903766672 10.405380989036681 0.029545117674676782 0.999419401789678 0.01696895247067738 0.3164887318787329 -0.15112129849854003 -0.012315019673646897 0.9884385127212263 97.66798920603104
0.989994078043464 -0.03157973674176887 0.1375297991934512 10.51441687505008 0.029196302614048333 0.9993870898890579 0.0193137380314932 0.3162909252264124 -0.13805542855150338 -0.015105124640359877 0.9903093122136419 98.48789731652815
0.9917808925328272 -0.0314047326863471 0.12403388235352017 10.612560389727578 0.02868857603737716 0.9993091823089091 0.02362464302476479 0.3171461770450447 -0.12469012315229841 -0.01987211407976067 0.9919967098081841 99.3180432072341
0.99315641901088 -0.030833969244812902 0.11264809682411382 10.712915358849925 0.0277080650096896 0.9991891714378056 0.02921066269106302 0.3209096814083749 -0.11345743920476846 -0.02588949636517057 0.9932054890439599 100.25163898452804
0.9946760267312295 -0.024495507611399812 0.10009781192930396 10.78952583555456 0.02152816115533035 0.9992992918234412 0.030618027997240706 0.32490108650274996 -0.10077767671188156 -0.02830009660813097 0.9945063923417101 101.15244896279555
0.9961267490872048 -0.021950579845614424 0.0851450045357797 10.853812203732028 0.019346192860636467 0.9993230012577276 0.03129319381346959 0.3300035966805146 -0.08577426522422472 -0.029524755743098374 0.9958770326820234 102.02521308065738
0.9971868464538539 -0.024402846190104025 0.0708723807786923 10.914461880527018 0.022174137462973344 0.999239776634133 0.03206519015914356 0.3348607797347852 -0.07160098384233944 -0.030403451942024647 0.99696987377895 102.9070693888196
0.9979414598942756 -0.028079848273059003 0.05765730435117611 10.967392005819443 0.026294191360881798 0.9991578650580668 0.03149882844304711 0.34014743563895283 -0.05849323144398391 -0.029917934647451377 0.9978393954247693 103.80027374380774
0.9986162782292013 -0.031504028492183096 0.04210730393200365 11.005227141187175 0.03035741403652014 0.9991580228895248 0.027598418587161562 0.3462043418347694 -0.04294131191141797 -0.02628196119509751 0.9987318470175381 104.67459787091269
0.9990910433392095 -0.03453039070319794 0.024994784201000195 11.024954901659994 0.03382284495289806 0.9990299833580163 0.028197650805971086 0.3510985710254582 -0.02594421474360475 -0.02732662565279082 0.9992898244512288 105.51842960085295
0.9991686452323769 -0.03929050706910339 0.01087540522231286 11.037596795271106 0.03895209705055576 0.9987980467940394 0.029752241189151863 0.3566708543717687 -0.012031314136903642 -0.029303886681908177 0.9994981389204638 106.41535794081355
0.9992509628668959 -0.03869771466380544 9.454102211818277e-06 11.03390334147436 0.0386805579536775 0.9988151576080389 0.029531260874229706 0.3629828095269805 -0.0011522352075639271 -0.029508775173299067 0.9995638571606095 107.42174130040662
0.9992365186990982 -0.038454616826013005 -0.0069008798621022025 11.023657466378925 0.03864348927711194 0.9988110073331695 0.029719562018819295 0.36844502902597537 0.005749820396881 -0.029963545765900768 0.9995344543789052 108.55168238066837
0.9991402990240743 -0.03965702417379229 -0.012082354893077222 11.01076427686728 0.040054255395161095 0.9985971792295779 0.03463134793031781 0.3727352796771287 0.01069202931263411 -0.03508552505536683 0.9993271168345048 109.75355135105849
0.9991390625033301 -0.03649170063711333 -0.019735489975606663 10.98184039752388 0.03718412439797598 0.9986620401539078 0.03593703449634611 0.37856986546734367 0.018397681177850192 -0.0366399418701371 0.9991591664930207 110.89590353374079
0.9988023625242282 -0.034749287720407855 -0.03444310698737852 10.93953987982532 0.03600922944387504 0.9986787711130433 0.03666125370198519 0.383838578524324 0.0331236473063892 -0.0378576165529114 0.9987340110650341 111.96456231507788
0.9977910573936719 -0.03603138556005735 -0.055809900912293646 10.879077960321862 0.038119117881312975 0.9985951325255384 0.03680616997534531 0.38728145309730894 0.05440531809637843 -0.03885229145013117 0.99776277782442 112.99169618511158
0.996456133308361 -0.037029473255235625 -0.07552478071857871 10.796986083050928 0.03956514724330663 0.9986929122602003 0.032358401148030534 0.38944547488866615 0.07422784865375723 -0.035231876357656386 0.996618754274949 114.02156248170228
0.9950754031728326 -0.04348171515140117 -0.08907458923799214 10.701389016833375 0.04538938301434736 0.9987789698792126 0.01950315965677279 0.39193301105673245 0.08811779564878766 -0.02345015510637626 0.9958339943562295 115.13992516448995
0.9941761530388294 -0.041897332524546305 -0.0992894267092011 10.576182807652888 0.04348247101253512 0.9989581280667774 0.013853991625726718 0.3834316641689752 0.09860553454831163 -0.018090657717431284 0.9949621483552981 116.34898982548887
0.9929970725575098 -0.03431106987494732 -0.1130467353630862 10.419231053921047 0.03644795843105068 0.9991928139974962 0.01688984256807873 0.3696680283805398 0.11237597705214211 -0.02089188693733921 0.9934461076685392 117.62515107908658
0.9896551381283564 -0.028690645523622074 -0.14056868227162655 10.247858955557291 0.03202624941074377 0.9992552311939531 0.021524457721425243 0.35645453518499615 0.13984644051538983 -0.02580367785720583 0.9898369276220271 118.78002383412658
0.9841131161552162 -0.025615903779483015 -0.1756849455270151 10.05498130194167 0.029437770171785616 0.9993825414605784 0.01918211435452469 0.347436360680808 0.1750851001615589 -0.024049143380944 0.9842595421960902 119.78359548553162
0.9782903649073916 -0.023307237615762647 -0.20592409913384394 9.820325973198667 0.026332826523430074 0.999581635667319 0.01196394098680627 0.33798207981675604 0.20555910142012618 -0.017126771773198407 0.9784948285565829 120.84482317657877
0.9721942188421366 -0.023201527460438555 -0.23302379701101283 9.568332168550782 0.02487034492403066 0.9996817545470347 0.004225585062814535 0.3253391205642673 0.23285159821930984 -0.009903471576465265 0.9724618524432945 121.86514061098099
0.9652554583748535 -0.020935483126166613 -0.2604680510615946 9.303784869816363 0.02238690690168067 0.9997459839271087 0.0026065342879905604 0.3131333636725687 0.26034731893554597 -0.008347045458902318 0.9654789486856653 122.80353214437862
0.9570164454915431 -0.02093552924656122 -0.28927707595642366 8.999242149848346 0.022323505440150555 0.9997496754776011 0.0014991621980717307 0.29804953262238354 0.28917327705650053 -0.007892401256838058 0.9572442352079236 123.79389188296005
0.9489248727262442 -0.020470628284040924 -0.3148373219603066 8.648975142658008 0.02210901124242803 0.9997542319331038 0.0016332035186398157 0.2836715905099342 0.314726512298159 -0.008510529331817784 0.9491442426455139 124.83030365314184
0.9431697598091677 -0.01754447705603705 -0.33184784993479544 8.290637103603194 0.0204453079346199 0.9997771786928301 0.0052518899897545145 0.2657002342833005 0.33168176549966505 -0.011738155299539452 0.9433183037263647 125.82480265027034
0.9389200246339402 -0.011582167322100247 -0.34394046104162224 7.885728673704412 0.015980832968607358 0.9998227199984818 0.009956985109354326 0.24624739468169674 0.3437641638086061 -0.014845267763206788 0.9389386655719346 126.90172473333006
0.9335257440272315 -0.007432928077778452 -0.3584333087459846 7.487011909663427 0.013059428843181798 0.9998265432748441 0.013279106949179506 0.2297843943579226 0.3582724334311719 -0.017077322485344448 0.93346088750415 127.92163952094685
0.9280030893251766 -0.0038912480524694736 -0.3725521767370607 7.101327640620811 0.00967086883137916 0.999860119043479 0.01364612188159803 0.2180793043527624 0.3724469633370288 -0.016266546497499836 0.9279109111148913 128.8519389850028
0.9235893239196191 -0.0015787023787254952 -0.38338005743713327 6.700956972902685 0.006085719633998681 0.999925897868677 0.010543376501730291 0.2071397195102671 0.383335003304207 -0.012070893517891864 0.9235304915223104 129.78959100423785
0.9193331901393712 -0.0013561217210486616 -0.3934776314379818 6.307183959397462 0.00508915012928323 0.9999513975887226 0.008444111043991568 0.19513463290255384 0.3934470562339081 -0.009765418282866612 0.9192954098365932 130.6942603546044
0.9156273298838377 -0.0022664849006910816 -0.40202171062765796 5.890802241115948 0.004818713355103693 0.9999741461632748 0.0053373220468582285 0.18265183520057582 0.4019992198641617 -0.006824225320538156 0.9156145789454081 131.6328885351094
0.9105493018969968 -0.00042315316514180535 -0.413400277886082 5.431404201748018 0.003716596781186025 0.9999674417753108 0.007162562230622213 0.1678600657960448 0.4133837874460692 -0.00805830818101976 0.910521228717925 132.63572842215208
0.9047116085666224 0.004040951593960004 -0.42600537089925167 4.950516798976734 0.001749291224462131 0.9999113483367746 0.013199827557443288 0.15324249992667274 0.4260209446787864 -0.012687244679184423 0.9046243355766204 133.6419677670926
0.8966764194096591 0.006811863996541342 -0.44263415749754936 4.476889675799401 0.000620956154050886 0.9998612669326443 0.016645158494394366 0.14349231922658012 0.4426861340590275 -0.015200177523351116 0.8965477908706979 134.58995130288122
0.8880339791502765 0.007352608285494529 -0.4597190348744828 4.022838701532587 -0.0010407769804912368 0.9999017099999253 0.013981670948184453 0.13603035829827523 0.45977665084016883 -0.011937733898295127 0.8879543467158479 135.44540857098946
0.8824363451126657 0.006696468052111527 -0.4703841559192092 3.511927517977416 -0.001341387197356743 0.9999304333931106 0.011718747998564295 0.1279027639616775 0.47042990711112986 -0.009710081868560039 0.8823839395668513 136.39583584381202
0.8767228342066847 0.007877006361812081 -0.4809314137705844 2.969043407716487 -0.002873587995165388 0.9999338292403653 0.011139103767110647 0.11821131429380492 0.48098733296484103 -0.00838390788811462 0.876687456061674 137.37622838145566
0.872088303466622 0.009004245226554545 -0.48926568909398094 2.389366151298329 -0.0033191073543288236 0.9999165390084536 0.01248593383478839 0.10834893084776324 0.4893372809045701 -0.009264911508284592 0.8720454041686488 138.4028451084794
0.8688503274171034 0.007065487946606246 -0.4950244311418049 1.801751174293555 -0.00044136036635555615 0.9999088133162509 0.013497046103287006 0.09871230599013757 0.49507465472211154 -0.011508428761721036 0.868774218263419 139.44064873204917
0.8659130445537239 0.004724488273764167 -0.5001722488125968 1.2338601514298184 0.002487967542785766 0.9999023408923361 0.013752043322093276 0.09022305210759268 0.5001883738045148 -0.013152486022716485 0.8658167258849955 140.43063582174085
0.8620270168575112 0.005101541052383704 -0.5068366566129854 0.644656092838421 0.002501845054033677 0.999894340408996 0.014319524761116188 0.08321684141975844 0.506856156102561 -0.013611843995192498 0.8619231721702246 141.43082529149746
0.8577596207924729 0.008794830590993454 -0.51397576197018 0.035536845888675006 -0.0017826906419975456 0.9998985130538209 0.014134553648165994 0.0753987726324779 0.5140479111445021 -0.011207789596244015 0.8576882478501944 142.43175695949725
0.8543876741183362 0.011443053019665356 -0.5195101142925393 -0.590991428478967 -0.004033524053797914 0.9998734268158292 0.015390290162245024 0.06838847344930271 0.5196204701494787 -0.01105381767353666 0.8543256873795093 143.4538020071389
0.8493709334150747 0.010538779246618 -0.5276911517181182 -1.163310270117335 -0.0022761247464393028 0.9998644716909917 0.01630513741839566 0.06503643745679416 0.5277914708724851 -0.012648018899621201 0.8492798071849875 144.37643641696624
0.8431412009120657 0.011029962449486673 -0.5375790688381763 -1.7281387904334333 -0.0021197444294638306 0.9998499914886203 0.017190148450768692 0.060856563190558835 0.5376880340942238 -0.013354192172071809 0.8430381032570924 145.25770589840943
0.8362986344796424 0.009818573944593834 -0.5481862726967708 -2.316734808774267 -0.0013087844823276205 0.9998725381587207 0.015912087204902323 0.05891116767279303 0.5482726338699228 -0.012589799114050336 0.8362048887130483 146.15331826261374
0.827358155420746 0.010576074861531936 -0.561575132372599 -2.874270792994325 -0.00013257566412734937 0.9998263578543953 0.018634284620230833 0.05653187178278327 0.56167469685083 -0.01534277615484774 0.8272158933056026 146.97031826797846
0.815220497775389 0.009058013968498292 -0.5790798670216325 -3.4186806404650296 0.004415102027471874 0.9997514302001071 0.021853711056182713 0.055339617512811454 0.5791338764749749 -0.020372289900416223 0.8149778665235502 147.73903921495767
0.7998819130907865 0.01002526683947452 -0.6000736780887982 -3.96568160683636 0.00564248912894002 0.9996906602458365 0.024222843220252928 0.056589101613358256 0.6001308919116316 -0.022761323380693272 0.7995779103572739 148.45682806834196
0.7836750697336072 0.011536171516702845 -0.6210638468183128 -4.517349804484424 0.0037606949013135288 0.9997210945822856 0.023315021360818155 0.0579838254753066 0.6211595948320223 -0.020607032632899584 0.7834131144895266 149.1318768050499
